1 3.4033e-06
0 3.4359e-06
0 3.4505e-06
1 3.4363e-06
0 3.4294e-06
2 3.4292e-06
1 3.4292e-06
1 3.4333e-06
0 3.4046e-06
1 3.4187e-06
1 3.4232e-06
0 3.4397e-06
0 3.4133e-06
1 3.4393e-06
0 3.4271e-06
2 3.4105e-06
0 3.4191e-06
1 3.4042e-06
1 3.4217e-06
1 3.4063e-06
0 3.4423e-06
2 3.4376e-06
0 3.4296e-06
1 3.4376e-06
1 3.4287e-06
0 3.4268e-06
0 3.4164e-06
1 3.4249e-06
1 3.4271e-06
0 3.4393e-06
0 3.4508e-06
2 3.4322e-06
0 3.4305e-06
0 3.4372e-06
1 3.4253e-06
1 3.4414e-06
1 3.4280e-06
1 3.4284e-06
0 3.4322e-06
1 3.3942e-06
1 3.4306e-06
0 3.4290e-06
0 3.4281e-06
0 3.4127e-06
2 3.4389e-06
1 3.4024e-06
1 3.4266e-06
0 3.4500e-06
0 3.4402e-06
0 3.4086e-06
2 3.4650e-06
1 3.4400e-06
0 3.4287e-06
1 3.4379e-06
1 3.4425e-06
1 3.4058e-06
0 3.4194e-06
0 3.4284e-06
2 3.4006e-06
0 3.4445e-06
0 3.4205e-06
1 3.3957e-06
1 3.4283e-06
1 3.4308e-06
1 3.4424e-06
0 3.4404e-06
0 3.4467e-06
2 3.4465e-06
0 3.4424e-06
1 3.4392e-06
0 3.4329e-06
1 3.4465e-06
1 3.4223e-06
1 3.4109e-06
0 3.4472e-06
0 3.4416e-06
0 3.4111e-06
2 3.3878e-06
0 3.4234e-06
1 3.3877e-06
1 3.4346e-06
1 3.4113e-06
0 3.4409e-06
1 3.4290e-06
0 3.4309e-06
0 3.4425e-06
2 3.4402e-06
1 3.4422e-06
0 3.4147e-06
1 3.4402e-06
1 3.4524e-06
1 3.4271e-06
0 3.4230e-06
0 3.4302e-06
0 3.4384e-06
2 3.4320e-06
1 3.4173e-06
1 3.4310e-06
0 3.4553e-06
1 3.4233e-06
1 3.4273e-06
0 3.4304e-06
0 3.4103e-06
1 3.4094e-06
2 3.4301e-06
0 3.4356e-06
1 3.4059e-06
0 3.4109e-06
1 3.4352e-06
1 3.4336e-06
0 3.4373e-06
0 3.4477e-06
1 3.4183e-06
1 3.4052e-06
2 3.4056e-06
0 3.4353e-06
0 3.4264e-06
1 3.4139e-06
1 3.4220e-06
0 3.4407e-06
0 3.4257e-06
2 3.4123e-06
1 3.4116e-06
1 3.4157e-06
0 3.4190e-06
0 3.4159e-06
1 3.4332e-06
1 3.4139e-06
0 3.4722e-06
0 3.4177e-06
1 3.4192e-06
1 3.4719e-06
0 3.4488e-06
2 3.4848e-06
0 3.4456e-06
1 3.4438e-06
1 3.4075e-06
0 3.4059e-06
0 3.4133e-06
0 3.4487e-06
1 3.4327e-06
1 3.4059e-06
0 3.4336e-06
2 3.4059e-06
1 3.4141e-06
1 3.4209e-06
0 3.4280e-06
0 3.4388e-06
2 3.4399e-06
1 3.4411e-06
1 3.4384e-06
0 3.4412e-06
0 3.4256e-06
1 3.3954e-06
1 3.4240e-06
0 3.4264e-06
0 3.4156e-06
1 3.4156e-06
1 3.3940e-06
0 3.4099e-06
0 3.4249e-06
2 3.4214e-06
1 3.4110e-06
1 3.4279e-06
0 3.4178e-06
0 3.4582e-06
1 3.4271e-06
1 3.4246e-06
0 3.4286e-06
2 3.4273e-06
0 3.4395e-06
1 3.4244e-06
1 3.4189e-06
0 3.4266e-06
0 3.4128e-06
1 3.4612e-06
0 3.4623e-06
2 3.4394e-06
1 3.4124e-06
0 3.4277e-06
1 3.4109e-06
1 3.4133e-06
0 3.4264e-06
0 3.4147e-06
1 3.4543e-06
0 3.4208e-06
2 3.4258e-06
0 3.4546e-06
1 3.4258e-06
1 3.3703e-06
1 3.4399e-06
0 3.4040e-06
0 3.4334e-06
1 3.4129e-06
2 3.4298e-06
0 3.4303e-06
0 3.4399e-06
1 3.4289e-06
1 3.4389e-06
1 3.3969e-06
0 3.4206e-06
0 3.4418e-06
2 3.4520e-06
0 3.4118e-06
0 3.4282e-06
1 3.4052e-06
1 3.4186e-06
1 3.4165e-06
1 3.4308e-06
0 3.4059e-06
0 3.4280e-06
0 3.4356e-06
0 3.4324e-06
2 3.4050e-06
1 3.3812e-06
1 3.4352e-06
1 3.4304e-06
1 3.4105e-06
0 3.4220e-06
0 3.4373e-06
0 3.4307e-06
2 3.4118e-06
1 3.4187e-06
1 3.4114e-06
0 3.4123e-06
2 3.4364e-06
2 3.4043e-06
2 3.4413e-06
3 3.4292e-06
4 3.4293e-06
3 3.4034e-06
3 3.4413e-06
3 3.4338e-06
4 3.4044e-06
2 3.4316e-06
2 3.4262e-06
2 3.4499e-06
3 3.4105e-06
3 3.4236e-06
4 3.4228e-06
4 3.4272e-06
3 3.4470e-06
3 3.4222e-06
2 3.4225e-06
2 3.4229e-06
2 3.4526e-06
3 3.4158e-06
3 3.4522e-06
4 3.4171e-06
4 3.4177e-06
3 3.4227e-06
3 3.4122e-06
2 3.4398e-06
2 3.4329e-06
3 3.4318e-06
2 3.4421e-06
3 3.4375e-06
4 3.4383e-06
3 3.4374e-06
3 3.4324e-06
4 3.4341e-06
2 3.4410e-06
2 3.4284e-06
2 3.3945e-06
3 3.4389e-06
3 3.3458e-06
4 3.4595e-06
4 3.4453e-06
3 3.4394e-06
3 3.4277e-06
2 3.4067e-06
2 3.4332e-06
2 3.4462e-06
3 3.4650e-06
4 3.4152e-06
3 3.4449e-06
3 3.4067e-06
4 3.4650e-06
3 3.4027e-06
2 3.4058e-06
2 3.4441e-06
2 3.4295e-06
3 3.4000e-06
3 3.4294e-06
4 3.4265e-06
3 3.4259e-06
4 3.4001e-06
3 3.4058e-06
2 3.4438e-06
2 3.4425e-06
2 3.4683e-06
3 3.4317e-06
4 3.4424e-06
3 3.4546e-06
3 3.4423e-06
4 3.4602e-06
3 3.4433e-06
2 3.4121e-06
2 3.4223e-06
2 3.4376e-06
3 3.4358e-06
4 3.4227e-06
3 3.3876e-06
3 3.4120e-06
3 3.4222e-06
4 3.3978e-06
2 3.4304e-06
2 3.4115e-06
2 3.4426e-06
4 3.4331e-06
3 3.4272e-06
3 3.4400e-06
3 3.4112e-06
4 3.4413e-06
3 3.4303e-06
2 3.4536e-06
2 3.4527e-06
2 3.4432e-06
3 3.4365e-06
4 3.4462e-06
3 3.4314e-06
3 3.4457e-06
3 3.4527e-06
4 3.4320e-06
2 3.4280e-06
2 3.4439e-06
2 3.4059e-06
4 3.4451e-06
3 3.3959e-06
3 3.4200e-06
3 3.4425e-06
3 3.4211e-06
4 3.4394e-06
2 3.4427e-06
2 3.4468e-06
2 3.4455e-06
4 3.4542e-06
3 3.4339e-06
3 3.4382e-06
3 3.4054e-06
4 3.4057e-06
3 3.4241e-06
2 3.4211e-06
2 3.4231e-06
2 3.4172e-06
4 3.4043e-06
3 3.4037e-06
3 3.4113e-06
3 3.4170e-06
4 3.4136e-06
3 3.4231e-06
2 3.4388e-06
2 3.4287e-06
4 3.4397e-06
2 3.4270e-06
3 3.4388e-06
3 3.4240e-06
3 3.4847e-06
4 3.5095e-06
2 3.4477e-06
3 3.4204e-06
2 3.4111e-06
4 3.4519e-06
3 3.4474e-06
2 3.4333e-06
3 3.4326e-06
3 3.4057e-06
4 3.4299e-06
3 3.3952e-06
2 3.4145e-06
2 3.4274e-06
4 3.4154e-06
3 3.4145e-06
2 3.4413e-06
3 3.4413e-06
3 3.4378e-06
4 3.4396e-06
2 3.4170e-06
3 3.4228e-06
2 3.4258e-06
4 3.4112e-06
2 3.3940e-06
3 3.4076e-06
3 3.3940e-06
3 3.3996e-06
3 3.4231e-06
2 3.4323e-06
4 3.4003e-06
2 3.4112e-06
4 3.4247e-06
3 3.4096e-06
3 3.4095e-06
3 3.4208e-06
2 3.4254e-06
3 3.4112e-06
2 3.4195e-06
4 3.4228e-06
2 3.4260e-06
4 3.4003e-06
3 3.4315e-06
3 3.4621e-06
2 3.4633e-06
3 3.3840e-06
3 3.4156e-06
4 3.4684e-06
2 3.4178e-06
2 3.4109e-06
4 3.4142e-06
3 3.4536e-06
3 3.4258e-06
2 3.4546e-06
3 3.4142e-06
2 3.4481e-06
4 3.4261e-06
3 3.3817e-06
2 3.3757e-06
4 3.4403e-06
3 3.4276e-06
2 3.4253e-06
3 3.4173e-06
3 3.4232e-06
2 3.4017e-06
4 3.4398e-06
3 3.3519e-06
2 3.4396e-06
4 3.4143e-06
3 3.4480e-06
3 3.4308e-06
2 3.4361e-06
3 3.4015e-06
2 3.4556e-06
3 3.4395e-06
4 3.4480e-06
2 3.4235e-06
4 3.4577e-06
3 3.4351e-06
3 3.3860e-06
2 3.4352e-06
3 3.4537e-06
2 3.4127e-06
2 3.4432e-06
4 3.4061e-06
3 3.4168e-06
4 3.4133e-06
3 3.3851e-06
3 3.4127e-06
3 3.3975e-06
2 3.4188e-06
4 3.4420e-06
4 3.3908e-06
3 3.4373e-06
4 3.4413e-06
5 3.4158e-06
5 3.4330e-06
5 3.4408e-06
6 3.4271e-06
5 3.4000e-06
4 3.4455e-06
6 3.4397e-06
4 3.4620e-06
6 3.4004e-06
5 3.4165e-06
5 3.4451e-06
5 3.4466e-06
5 3.4228e-06
6 3.4165e-06
6 3.4354e-06
4 3.4342e-06
6 3.4468e-06
4 3.4574e-06
5 3.4169e-06
5 3.4333e-06
5 3.4126e-06
5 3.4177e-06
6 3.4172e-06
4 3.4324e-06
6 3.4177e-06
4 3.4457e-06
6 3.4341e-06
5 3.4331e-06
5 3.4457e-06
5 3.4323e-06
5 3.4359e-06
4 3.4278e-06
6 3.4337e-06
4 3.3512e-06
6 3.4373e-06
6 3.4397e-06
5 3.4425e-06
5 3.4266e-06
5 3.3512e-06
5 3.4567e-06
4 3.4033e-06
4 3.4461e-06
6 3.4568e-06
6 3.4440e-06
6 3.4267e-06
5 3.4650e-06
5 3.4350e-06
5 3.3987e-06
5 3.4081e-06
4 3.4297e-06
4 3.4063e-06
6 3.4002e-06
6 3.4650e-06
6 3.4088e-06
5 3.3929e-06
5 3.4032e-06
5 3.3687e-06
5 3.4258e-06
6 3.3983e-06
6 3.3749e-06
4 3.4602e-06
4 3.4447e-06
6 3.4634e-06
5 3.4468e-06
5 3.4557e-06
5 3.4328e-06
4 3.4121e-06
4 3.4383e-06
6 3.4338e-06
6 3.4549e-06
6 3.4475e-06
5 3.4424e-06
5 3.3892e-06
5 3.4121e-06
5 3.4344e-06
4 3.4305e-06
6 3.4135e-06
6 3.4128e-06
5 3.4135e-06
6 3.4121e-06
4 3.4338e-06
5 3.4267e-06
5 3.4300e-06
5 3.4238e-06
5 3.4192e-06
6 3.4331e-06
6 3.4268e-06
4 3.4688e-06
4 3.4521e-06
6 3.4225e-06
5 3.3973e-06
5 3.4462e-06
5 3.4629e-06
5 3.4448e-06
6 3.4666e-06
4 3.4279e-06
6 3.3988e-06
4 3.4047e-06
6 3.4462e-06
5 3.4377e-06
5 3.4234e-06
5 3.4047e-06
5 3.4201e-06
6 3.4385e-06
6 3.4474e-06
4 3.4241e-06
4 3.4382e-06
6 3.4202e-06
5 3.3946e-06
5 3.4025e-06
5 3.4303e-06
5 3.4532e-06
6 3.4094e-06
4 3.4170e-06
6 3.4008e-06
6 3.4539e-06
4 3.4235e-06
5 3.4069e-06
5 3.4157e-06
5 3.4149e-06
4 3.4274e-06
6 3.4071e-06
4 3.4279e-06
5 3.4043e-06
6 3.4313e-06
6 3.4274e-06
5 3.5085e-06
5 3.4122e-06
5 3.4270e-06
5 3.4385e-06
4 3.4461e-06
6 3.5198e-06
6 3.4388e-06
6 3.4271e-06
4 3.4028e-06
5 3.4282e-06
5 3.4459e-06
5 3.3891e-06
5 3.4492e-06
6 3.3891e-06
4 3.4296e-06
6 3.4284e-06
4 3.4413e-06
6 3.4493e-06
5 3.4360e-06
5 3.4411e-06
5 3.4289e-06
5 3.4152e-06
4 3.4239e-06
6 3.4367e-06
4 3.3944e-06
6 3.4391e-06
6 3.4152e-06
5 3.4002e-06
5 3.4213e-06
5 3.3806e-06
5 3.4108e-06
4 3.4159e-06
6 3.4022e-06
4 3.4311e-06
6 3.4229e-06
6 3.4120e-06
5 3.4191e-06
5 3.4310e-06
5 3.4046e-06
4 3.4295e-06
6 3.4297e-06
5 3.4218e-06
6 3.4186e-06
4 3.4638e-06
6 3.4238e-06
5 3.4678e-06
5 3.4295e-06
5 3.4488e-06
6 3.4684e-06
4 3.3817e-06
5 3.3996e-06
6 3.4300e-06
4 3.4594e-06
6 3.4032e-06
5 3.4240e-06
5 3.4501e-06
5 3.3814e-06
6 3.4724e-06
4 3.3630e-06
5 3.4123e-06
6 3.3815e-06
6 3.4145e-06
4 3.4238e-06
5 3.4395e-06
5 3.4237e-06
5 3.3619e-06
6 3.4498e-06
6 3.3620e-06
4 3.4399e-06
5 3.4391e-06
6 3.4408e-06
4 3.4468e-06
5 3.4480e-06
5 3.4378e-06
5 3.4396e-06
6 3.4480e-06
4 3.4249e-06
5 3.4055e-06
6 3.4462e-06
6 3.4120e-06
4 3.4351e-06
5 3.4061e-06
5 3.4342e-06
5 3.4133e-06
6 3.4061e-06
5 3.4412e-06
4 3.4432e-06
6 3.4152e-06
6 3.4414e-06
4 3.4004e-06
5 3.3900e-06
5 3.4001e-06
5 3.4317e-06
5 3.4066e-06
6 3.3905e-06
6 3.4422e-06
6 3.4408e-06
6 3.4102e-06
7 3.4216e-06
7 3.4000e-06
7 3.4250e-06
7 3.4398e-06
8 3.4217e-06
8 3.4061e-06
6 3.4506e-06
8 3.4256e-06
7 3.4165e-06
8 3.4491e-06
7 3.4027e-06
7 3.4504e-06
7 3.4464e-06
8 3.4165e-06
8 3.4070e-06
6 3.4333e-06
8 3.4465e-06
8 3.4636e-06
7 3.4171e-06
7 3.4176e-06
7 3.4163e-06
7 3.4337e-06
6 3.4517e-06
8 3.4189e-06
8 3.4298e-06
8 3.4340e-06
7 3.4330e-06
8 3.4164e-06
7 3.4221e-06
7 3.4355e-06
7 3.4513e-06
6 3.3542e-06
8 3.4332e-06
8 3.4260e-06
8 3.4386e-06
7 3.4385e-06
8 3.4577e-06
7 3.4561e-06
7 3.3300e-06
7 3.4175e-06
6 3.4374e-06
8 3.4189e-06
8 3.4527e-06
8 3.4606e-06
7 3.4650e-06
8 3.3445e-06
7 3.4087e-06
7 3.4368e-06
7 3.3909e-06
6 3.4347e-06
8 3.4650e-06
8 3.4012e-06
8 3.4091e-06
7 3.3884e-06
8 3.4415e-06
7 3.4447e-06
7 3.4345e-06
7 3.3749e-06
6 3.4723e-06
8 3.3984e-06
8 3.4477e-06
8 3.3908e-06
7 3.4296e-06
8 3.4451e-06
7 3.4549e-06
7 3.4636e-06
7 3.4220e-06
6 3.4351e-06
8 3.4659e-06
8 3.4298e-06
8 3.4268e-06
8 3.4852e-06
7 3.4122e-06
7 3.4135e-06
7 3.4342e-06
8 3.4135e-06
7 3.4119e-06
8 3.4123e-06
6 3.4241e-06
8 3.4130e-06
8 3.4350e-06
7 3.4259e-06
7 3.4222e-06
7 3.4235e-06
8 3.4224e-06
8 3.4322e-06
7 3.4315e-06
8 3.4323e-06
6 3.4463e-06
8 3.4337e-06
7 3.3974e-06
7 3.4456e-06
7 3.4424e-06
8 3.4480e-06
6 3.4047e-06
7 3.4465e-06
8 3.4473e-06
8 3.4027e-06
8 3.4493e-06
7 3.4221e-06
7 3.4201e-06
7 3.4047e-06
8 3.4201e-06
7 3.4384e-06
8 3.4385e-06
8 3.4230e-06
6 3.4520e-06
7 3.3951e-06
8 3.4047e-06
7 3.4533e-06
7 3.4459e-06
8 3.4560e-06
8 3.3995e-06
7 3.3990e-06
6 3.4150e-06
8 3.4000e-06
8 3.4462e-06
7 3.4027e-06
7 3.4248e-06
7 3.4149e-06
8 3.4359e-06
6 3.4130e-06
7 3.3912e-06
8 3.3915e-06
8 3.4052e-06
8 3.4155e-06
7 3.5189e-06
7 3.4368e-06
7 3.3645e-06
8 3.4381e-06
7 3.4271e-06
6 3.4461e-06
8 3.4271e-06
8 3.5247e-06
8 3.3649e-06
7 3.4264e-06
7 3.4467e-06
7 3.4453e-06
8 3.4504e-06
8 3.4431e-06
8 3.3891e-06
6 3.4415e-06
7 3.3891e-06
8 3.4489e-06
7 3.4350e-06
7 3.4142e-06
7 3.4395e-06
8 3.4146e-06
8 3.4450e-06
7 3.4336e-06
6 3.3810e-06
8 3.4467e-06
8 3.4401e-06
7 3.4021e-06
7 3.4078e-06
7 3.3803e-06
8 3.4116e-06
8 3.4102e-06
7 3.4032e-06
8 3.3879e-06
8 3.4050e-06
6 3.4312e-06
7 3.4289e-06
7 3.4183e-06
7 3.4295e-06
8 3.4299e-06
8 3.4299e-06
8 3.4535e-06
6 3.4488e-06
7 3.4085e-06
8 3.4179e-06
7 3.4583e-06
7 3.3904e-06
7 3.4470e-06
8 3.4096e-06
8 3.4481e-06
6 3.4532e-06
7 3.4221e-06
8 3.4843e-06
8 3.4371e-06
7 3.4719e-06
7 3.4133e-06
7 3.4486e-06
8 3.4543e-06
8 3.4723e-06
6 3.4237e-06
8 3.3822e-06
7 3.3814e-06
8 3.4494e-06
7 3.4498e-06
7 3.4396e-06
8 3.4531e-06
7 3.4214e-06
8 3.3628e-06
8 3.4539e-06
7 3.3620e-06
8 3.4267e-06
6 3.4429e-06
7 3.4391e-06
7 3.4019e-06
7 3.4394e-06
8 3.4065e-06
8 3.4392e-06
7 3.4462e-06
8 3.4469e-06
8 3.4509e-06
6 3.4386e-06
7 3.4061e-06
7 3.4414e-06
8 3.4419e-06
7 3.4383e-06
8 3.4369e-06
8 3.4070e-06
7 3.4072e-06
6 3.4027e-06
8 3.4467e-06
7 3.3759e-06
7 3.4097e-06
8 3.4314e-06
7 3.4024e-06
8 3.4303e-06
8 3.3770e-06
7 3.4289e-06
9 3.4199e-06
8 3.4105e-06
9 3.4023e-06
9 3.4217e-06
9 3.4318e-06
9 3.4164e-06
9 3.4068e-06
9 3.4406e-06
9 3.4462e-06
9 3.4188e-06
9 3.4294e-06
9 3.4181e-06
9 3.3974e-06
9 3.4298e-06
9 3.3782e-06
9 3.4381e-06
9 3.4556e-06
9 3.4498e-06
9 3.4606e-06
9 3.4133e-06
9 3.3234e-06
9 3.4633e-06
9 3.3957e-06
9 3.3977e-06
9 3.4388e-06
9 3.3785e-06
9 3.4477e-06
9 3.3908e-06
9 3.4451e-06
9 3.4224e-06
9 3.4171e-06
9 3.4658e-06
9 3.4567e-06
9 3.4109e-06
9 3.4118e-06
9 3.3939e-06
9 3.4229e-06
9 3.3979e-06
9 3.4249e-06
9 3.4194e-06
9 3.4286e-06
9 3.4027e-06
9 3.4442e-06
9 3.4473e-06
9 3.4491e-06
9 3.4230e-06
9 3.4201e-06
9 3.4385e-06
9 3.4037e-06
9 3.3987e-06
9 3.4527e-06
9 3.3922e-06
9 3.4446e-06
9 3.4052e-06
9 3.4282e-06
9 3.3897e-06
9 3.4137e-06
9 3.5243e-06
9 3.4259e-06
9 3.4269e-06
9 3.3638e-06
9 3.4414e-06
9 3.4504e-06
9 3.3891e-06
9 3.4488e-06
9 3.4121e-06
9 3.4440e-06
9 3.4127e-06
9 3.4365e-06
9 3.4025e-06
9 3.4029e-06
9 3.4116e-06
9 3.3853e-06
9 3.4486e-06
9 3.4287e-06
9 3.4156e-06
9 3.4294e-06
9 3.4793e-06
9 3.4081e-06
9 3.4356e-06
9 3.4477e-06
9 3.4723e-06
9 3.4427e-06
9 3.3822e-06
9 3.4480e-06
9 3.4486e-06
9 3.4530e-06
9 3.3559e-06
9 3.4040e-06
9 3.4346e-06
9 3.3949e-06
9 3.4469e-06
9 3.4422e-06
9 3.4059e-06
9 3.4285e-06
9 3.4369e-06
9 3.4467e-06
9 3.3706e-06
9 3.4267e-06
9 3.4306e-06
9 3.4102e-06
