0 3.3428e-06
1 3.3420e-06
2 3.3418e-06
3 3.3417e-06
4 3.3418e-06
5 3.3413e-06
6 3.3414e-06
7 3.3414e-06
8 3.3415e-06
9 3.3406e-06
0 3.3441e-06
1 3.3436e-06
2 3.3436e-06
3 3.3436e-06
4 3.3437e-06
5 3.3435e-06
6 3.3436e-06
7 3.3431e-06
8 3.3434e-06
9 3.3431e-06
0 3.3452e-06
1 3.3452e-06
2 3.3449e-06
3 3.3457e-06
4 3.3470e-06
5 3.3472e-06
6 3.3468e-06
7 3.3475e-06
8 3.3475e-06
9 3.3471e-06
0 3.3457e-06
1 3.3452e-06
2 3.3453e-06
3 3.3449e-06
4 3.3447e-06
5 3.3450e-06
6 3.3451e-06
7 3.3462e-06
8 3.3466e-06
9 3.3458e-06
0 3.3438e-06
1 3.3438e-06
2 3.3440e-06
3 3.3452e-06
4 3.3450e-06
5 3.3446e-06
6 3.3452e-06
7 3.3449e-06
8 3.3449e-06
9 3.3450e-06
0 3.3450e-06
1 3.3456e-06
2 3.3457e-06
3 3.3453e-06
4 3.3449e-06
5 3.3451e-06
6 3.3445e-06
7 3.3453e-06
8 3.3446e-06
9 3.3454e-06
0 3.3440e-06
1 3.3442e-06
2 3.3447e-06
3 3.3440e-06
4 3.3439e-06
5 3.3431e-06
6 3.3434e-06
7 3.3445e-06
8 3.3450e-06
9 3.3454e-06
0 3.3448e-06
1 3.3448e-06
2 3.3442e-06
3 3.3429e-06
4 3.3430e-06
5 3.3426e-06
6 3.3428e-06
7 3.3451e-06
8 3.3453e-06
9 3.3455e-06
0 3.3451e-06
1 3.3459e-06
2 3.3461e-06
3 3.3461e-06
4 3.3456e-06
5 3.3454e-06
6 3.3450e-06
7 3.3467e-06
8 3.3474e-06
9 3.3475e-06
0 3.3448e-06
1 3.3452e-06
2 3.3458e-06
3 3.3457e-06
4 3.3447e-06
5 3.3441e-06
6 3.3447e-06
7 3.3451e-06
8 3.3451e-06
9 3.3443e-06
0 3.3449e-06
1 3.3450e-06
2 3.3454e-06
3 3.3451e-06
4 3.3458e-06
5 3.3455e-06
6 3.3460e-06
7 3.3468e-06
8 3.3461e-06
9 3.3450e-06
0 3.3451e-06
1 3.3472e-06
2 3.3463e-06
3 3.3475e-06
4 3.3476e-06
5 3.3483e-06
6 3.3483e-06
7 3.3475e-06
8 3.3478e-06
9 3.3477e-06
0 3.3451e-06
1 3.3451e-06
2 3.3456e-06
3 3.3454e-06
4 3.3455e-06
5 3.3455e-06
6 3.3469e-06
7 3.3475e-06
8 3.3470e-06
9 3.3466e-06
0 3.3434e-06
1 3.3434e-06
2 3.3439e-06
3 3.3435e-06
4 3.3435e-06
5 3.3434e-06
6 3.3439e-06
7 3.3438e-06
8 3.3442e-06
9 3.3455e-06
0 3.3439e-06
1 3.3439e-06
2 3.3440e-06
3 3.3438e-06
4 3.3443e-06
5 3.3453e-06
6 3.3456e-06
7 3.3451e-06
8 3.3452e-06
9 3.3445e-06
0 3.3420e-06
1 3.3417e-06
2 3.3418e-06
3 3.3420e-06
4 3.3412e-06
5 3.3425e-06
6 3.3428e-06
7 3.3420e-06
8 3.3422e-06
9 3.3419e-06
0 3.3443e-06
1 3.3454e-06
2 3.3450e-06
3 3.3438e-06
4 3.3439e-06
5 3.3440e-06
6 3.3446e-06
7 3.3454e-06
8 3.3448e-06
9 3.3440e-06
0 3.3427e-06
1 3.3426e-06
2 3.3429e-06
3 3.3427e-06
4 3.3420e-06
5 3.3417e-06
6 3.3412e-06
7 3.3403e-06
8 3.3404e-06
9 3.3402e-06
0 3.3437e-06
1 3.3436e-06
2 3.3444e-06
3 3.3441e-06
4 3.3440e-06
5 3.3437e-06
6 3.3437e-06
7 3.3437e-06
8 3.3431e-06
9 3.3432e-06
0 3.3441e-06
1 3.3441e-06
2 3.3431e-06
3 3.3431e-06
4 3.3432e-06
5 3.3429e-06
6 3.3430e-06
7 3.3426e-06
8 3.3430e-06
9 3.3427e-06
0 3.3468e-06
1 3.3487e-06
2 3.3475e-06
3 3.3469e-06
4 3.3457e-06
5 3.3463e-06
6 3.3463e-06
7 3.3470e-06
8 3.3459e-06
9 3.3457e-06
0 3.3429e-06
1 3.3427e-06
2 3.3429e-06
3 3.3420e-06
4 3.3422e-06
5 3.3418e-06
6 3.3421e-06
7 3.3416e-06
8 3.3419e-06
9 3.3416e-06
0 3.3449e-06
1 3.3457e-06
2 3.3461e-06
3 3.3469e-06
4 3.3466e-06
5 3.3465e-06
6 3.3466e-06
7 3.3474e-06
8 3.3479e-06
9 3.3478e-06
0 3.3458e-06
1 3.3458e-06
2 3.3462e-06
3 3.3476e-06
4 3.3482e-06
5 3.3490e-06
6 3.3486e-06
7 3.3477e-06
8 3.3476e-06
9 3.3475e-06
0 3.3440e-06
1 3.3447e-06
2 3.3448e-06
3 3.3447e-06
4 3.3454e-06
5 3.3472e-06
6 3.3475e-06
7 3.3474e-06
8 3.3478e-06
9 3.3472e-06
0 3.3439e-06
1 3.3437e-06
2 3.3442e-06
3 3.3430e-06
4 3.3436e-06
5 3.3450e-06
6 3.3455e-06
7 3.3455e-06
8 3.3457e-06
9 3.3456e-06
0 3.3451e-06
1 3.3451e-06
2 3.3451e-06
3 3.3464e-06
4 3.3467e-06
5 3.3465e-06
6 3.3469e-06
7 3.3467e-06
8 3.3466e-06
9 3.3477e-06
0 3.3440e-06
1 3.3447e-06
2 3.3460e-06
3 3.3452e-06
4 3.3438e-06
5 3.3455e-06
6 3.3466e-06
7 3.3465e-06
8 3.3466e-06
9 3.3463e-06
0 3.3437e-06
1 3.3441e-06
2 3.3439e-06
3 3.3446e-06
4 3.3447e-06
5 3.3446e-06
6 3.3449e-06
7 3.3446e-06
8 3.3417e-06
9 3.3415e-06
0 3.3436e-06
1 3.3449e-06
2 3.3446e-06
3 3.3454e-06
4 3.3455e-06
5 3.3453e-06
6 3.3446e-06
7 3.3444e-06
8 3.3447e-06
9 3.3451e-06
0 3.3446e-06
1 3.3444e-06
2 3.3446e-06
3 3.3447e-06
4 3.3446e-06
5 3.3443e-06
6 3.3441e-06
7 3.3439e-06
8 3.3444e-06
9 3.3442e-06
0 3.3456e-06
1 3.3452e-06
2 3.3448e-06
3 3.3439e-06
4 3.3439e-06
5 3.3438e-06
6 3.3433e-06
7 3.3427e-06
8 3.3422e-06
9 3.3446e-06
0 3.3425e-06
1 3.3421e-06
2 3.3422e-06
3 3.3417e-06
4 3.3422e-06
5 3.3428e-06
6 3.3433e-06
7 3.3434e-06
8 3.3434e-06
9 3.3430e-06
0 3.3445e-06
1 3.3445e-06
2 3.3437e-06
3 3.3436e-06
4 3.3448e-06
5 3.3444e-06
6 3.3407e-06
7 3.3403e-06
8 3.3391e-06
9 3.3380e-06
0 3.3434e-06
1 3.3434e-06
2 3.3437e-06
3 3.3432e-06
4 3.3435e-06
5 3.3434e-06
6 3.3448e-06
7 3.3446e-06
8 3.3450e-06
9 3.3444e-06
0 3.3429e-06
1 3.3429e-06
2 3.3429e-06
3 3.3416e-06
4 3.3415e-06
5 3.3418e-06
6 3.3408e-06
7 3.3406e-06
8 3.3408e-06
9 3.3412e-06
0 3.3447e-06
1 3.3461e-06
2 3.3454e-06
3 3.3452e-06
4 3.3455e-06
5 3.3451e-06
6 3.3450e-06
7 3.3458e-06
8 3.3460e-06
9 3.3466e-06
0 3.3446e-06
1 3.3446e-06
2 3.3444e-06
3 3.3439e-06
4 3.3440e-06
5 3.3433e-06
6 3.3434e-06
7 3.3432e-06
8 3.3438e-06
9 3.3441e-06
0 3.3454e-06
1 3.3454e-06
2 3.3446e-06
3 3.3448e-06
4 3.3443e-06
5 3.3468e-06
6 3.3468e-06
7 3.3460e-06
8 3.3446e-06
9 3.3446e-06
0 3.3460e-06
1 3.3457e-06
2 3.3458e-06
3 3.3468e-06
4 3.3473e-06
5 3.3491e-06
6 3.3490e-06
7 3.3490e-06
8 3.3491e-06
9 3.3487e-06
0 3.3445e-06
1 3.3445e-06
2 3.3451e-06
3 3.3457e-06
4 3.3460e-06
5 3.3487e-06
6 3.3491e-06
7 3.3483e-06
8 3.3484e-06
9 3.3481e-06
0 3.3441e-06
1 3.3440e-06
2 3.3441e-06
3 3.3438e-06
4 3.3440e-06
5 3.3434e-06
6 3.3434e-06
7 3.3432e-06
8 3.3433e-06
9 3.3435e-06
0 3.3439e-06
1 3.3430e-06
2 3.3431e-06
3 3.3432e-06
4 3.3445e-06
5 3.3443e-06
6 3.3441e-06
7 3.3452e-06
8 3.3457e-06
9 3.3456e-06
0 3.3429e-06
1 3.3424e-06
2 3.3424e-06
3 3.3424e-06
4 3.3433e-06
5 3.3433e-06
6 3.3438e-06
7 3.3442e-06
8 3.3435e-06
9 3.3428e-06
0 3.3441e-06
1 3.3443e-06
2 3.3444e-06
3 3.3447e-06
4 3.3445e-06
5 3.3445e-06
6 3.3449e-06
7 3.3447e-06
8 3.3457e-06
9 3.3454e-06
0 3.3422e-06
1 3.3421e-06
2 3.3422e-06
3 3.3416e-06
4 3.3419e-06
5 3.3415e-06
6 3.3420e-06
7 3.3420e-06
8 3.3414e-06
9 3.3413e-06
0 3.3446e-06
1 3.3448e-06
2 3.3451e-06
3 3.3449e-06
4 3.3443e-06
5 3.3439e-06
6 3.3442e-06
7 3.3440e-06
8 3.3438e-06
9 3.3436e-06
0 3.3438e-06
1 3.3438e-06
2 3.3417e-06
3 3.3429e-06
4 3.3433e-06
5 3.3440e-06
6 3.3435e-06
7 3.3430e-06
8 3.3419e-06
9 3.3415e-06
0 3.3434e-06
1 3.3434e-06
2 3.3436e-06
3 3.3435e-06
4 3.3425e-06
5 3.3421e-06
6 3.3426e-06
7 3.3423e-06
8 3.3429e-06
9 3.3428e-06
0 3.3442e-06
1 3.3458e-06
2 3.3463e-06
3 3.3456e-06
4 3.3450e-06
5 3.3438e-06
6 3.3441e-06
7 3.3440e-06
8 3.3442e-06
9 3.3447e-06
0 3.3440e-06
1 3.3449e-06
2 3.3435e-06
3 3.3433e-06
4 3.3435e-06
5 3.3432e-06
6 3.3426e-06
7 3.3419e-06
8 3.3406e-06
9 3.3405e-06
0 3.3449e-06
1 3.3458e-06
2 3.3454e-06
3 3.3455e-06
4 3.3439e-06
5 3.3441e-06
6 3.3444e-06
7 3.3439e-06
8 3.3441e-06
9 3.3452e-06
0 3.3451e-06
1 3.3446e-06
2 3.3442e-06
3 3.3438e-06
4 3.3442e-06
5 3.3450e-06
6 3.3452e-06
7 3.3450e-06
8 3.3454e-06
9 3.3450e-06
0 3.3448e-06
1 3.3442e-06
2 3.3449e-06
3 3.3458e-06
4 3.3456e-06
5 3.3456e-06
6 3.3464e-06
7 3.3457e-06
8 3.3457e-06
9 3.3458e-06
0 3.3446e-06
1 3.3479e-06
2 3.3481e-06
3 3.3471e-06
4 3.3470e-06
5 3.3466e-06
6 3.3464e-06
7 3.3499e-06
8 3.3502e-06
9 3.3511e-06
0 3.3434e-06
1 3.3431e-06
2 3.3435e-06
3 3.3438e-06
4 3.3424e-06
5 3.3420e-06
6 3.3414e-06
7 3.3422e-06
8 3.3426e-06
9 3.3419e-06
0 3.3447e-06
1 3.3456e-06
2 3.3458e-06
3 3.3455e-06
4 3.3460e-06
5 3.3459e-06
6 3.3458e-06
7 3.3451e-06
8 3.3456e-06
9 3.3455e-06
0 3.3456e-06
1 3.3464e-06
2 3.3465e-06
3 3.3463e-06
4 3.3470e-06
5 3.3466e-06
6 3.3465e-06
7 3.3485e-06
8 3.3488e-06
9 3.3493e-06
0 3.3454e-06
1 3.3453e-06
2 3.3456e-06
3 3.3466e-06
4 3.3467e-06
5 3.3468e-06
6 3.3465e-06
7 3.3460e-06
8 3.3462e-06
9 3.3467e-06
0 3.3453e-06
1 3.3453e-06
2 3.3453e-06
3 3.3455e-06
4 3.3454e-06
5 3.3448e-06
6 3.3455e-06
7 3.3455e-06
8 3.3456e-06
9 3.3472e-06
0 3.3454e-06
1 3.3449e-06
2 3.3436e-06
3 3.3434e-06
4 3.3435e-06
5 3.3429e-06
6 3.3422e-06
7 3.3417e-06
8 3.3426e-06
9 3.3426e-06
0 3.3435e-06
1 3.3438e-06
2 3.3439e-06
3 3.3437e-06
4 3.3438e-06
5 3.3440e-06
6 3.3444e-06
7 3.3444e-06
8 3.3448e-06
9 3.3450e-06
0 3.3450e-06
1 3.3449e-06
2 3.3453e-06
3 3.3452e-06
4 3.3454e-06
5 3.3449e-06
6 3.3442e-06
7 3.3455e-06
8 3.3458e-06
9 3.3457e-06
0 3.3448e-06
1 3.3444e-06
2 3.3431e-06
3 3.3429e-06
4 3.3429e-06
5 3.3430e-06
6 3.3431e-06
7 3.3424e-06
8 3.3433e-06
9 3.3431e-06
0 3.3418e-06
1 3.3416e-06
2 3.3421e-06
3 3.3411e-06
4 3.3407e-06
5 3.3409e-06
6 3.3410e-06
7 3.3406e-06
8 3.3409e-06
9 3.3403e-06
0 3.3450e-06
1 3.3454e-06
2 3.3461e-06
3 3.3462e-06
4 3.3463e-06
5 3.3456e-06
6 3.3459e-06
7 3.3496e-06
8 3.3496e-06
9 3.3496e-06
0 3.3450e-06
1 3.3450e-06
2 3.3460e-06
3 3.3474e-06
4 3.3483e-06
5 3.3478e-06
6 3.3471e-06
7 3.3466e-06
8 3.3464e-06
9 3.3455e-06
0 3.3456e-06
1 3.3450e-06
2 3.3460e-06
3 3.3458e-06
4 3.3460e-06
5 3.3463e-06
6 3.3441e-06
7 3.3439e-06
8 3.3442e-06
9 3.3437e-06
0 3.3437e-06
1 3.3431e-06
2 3.3435e-06
3 3.3428e-06
4 3.3433e-06
5 3.3438e-06
6 3.3428e-06
7 3.3426e-06
8 3.3437e-06
9 3.3429e-06
0 3.3447e-06
1 3.3447e-06
2 3.3439e-06
3 3.3447e-06
4 3.3448e-06
5 3.3448e-06
6 3.3452e-06
7 3.3446e-06
8 3.3441e-06
9 3.3440e-06
0 3.3450e-06
1 3.3445e-06
2 3.3446e-06
3 3.3443e-06
4 3.3446e-06
5 3.3444e-06
6 3.3447e-06
7 3.3450e-06
8 3.3456e-06
9 3.3447e-06
0 3.3437e-06
1 3.3442e-06
2 3.3442e-06
3 3.3442e-06
4 3.3440e-06
5 3.3433e-06
6 3.3437e-06
7 3.3429e-06
8 3.3424e-06
9 3.3415e-06
0 3.3445e-06
1 3.3453e-06
2 3.3455e-06
3 3.3452e-06
4 3.3456e-06
5 3.3457e-06
6 3.3458e-06
7 3.3457e-06
8 3.3452e-06
9 3.3445e-06
0 3.3444e-06
1 3.3444e-06
2 3.3447e-06
3 3.3442e-06
4 3.3443e-06
5 3.3456e-06
6 3.3458e-06
7 3.3477e-06
8 3.3480e-06
9 3.3479e-06
0 3.3446e-06
1 3.3443e-06
2 3.3441e-06
3 3.3449e-06
4 3.3453e-06
5 3.3450e-06
6 3.3456e-06
7 3.3443e-06
8 3.3443e-06
9 3.3470e-06
0 3.3445e-06
1 3.3447e-06
2 3.3448e-06
3 3.3444e-06
4 3.3450e-06
5 3.3450e-06
6 3.3453e-06
7 3.3453e-06
8 3.3456e-06
9 3.3463e-06
0 3.3453e-06
1 3.3441e-06
2 3.3435e-06
3 3.3432e-06
4 3.3430e-06
5 3.3429e-06
6 3.3431e-06
7 3.3431e-06
8 3.3434e-06
9 3.3428e-06
0 3.3452e-06
1 3.3452e-06
2 3.3456e-06
3 3.3451e-06
4 3.3453e-06
5 3.3451e-06
6 3.3456e-06
7 3.3471e-06
8 3.3475e-06
9 3.3473e-06
0 3.3433e-06
1 3.3431e-06
2 3.3440e-06
3 3.3444e-06
4 3.3447e-06
5 3.3446e-06
6 3.3448e-06
7 3.3446e-06
8 3.3449e-06
9 3.3449e-06
0 3.3433e-06
1 3.3433e-06
2 3.3438e-06
3 3.3436e-06
4 3.3438e-06
5 3.3430e-06
6 3.3436e-06
7 3.3434e-06
8 3.3432e-06
9 3.3434e-06
0 3.3452e-06
1 3.3458e-06
2 3.3457e-06
3 3.3464e-06
4 3.3474e-06
5 3.3465e-06
6 3.3468e-06
7 3.3469e-06
8 3.3472e-06
9 3.3465e-06
0 3.3444e-06
1 3.3438e-06
2 3.3439e-06
3 3.3432e-06
4 3.3438e-06
5 3.3431e-06
6 3.3432e-06
7 3.3431e-06
8 3.3423e-06
9 3.3426e-06
0 3.3426e-06
1 3.3434e-06
2 3.3439e-06
3 3.3440e-06
4 3.3431e-06
5 3.3430e-06
6 3.3432e-06
7 3.3429e-06
8 3.3430e-06
9 3.3423e-06
0 3.3443e-06
1 3.3443e-06
2 3.3444e-06
3 3.3446e-06
4 3.3453e-06
5 3.3458e-06
6 3.3465e-06
7 3.3456e-06
8 3.3455e-06
9 3.3448e-06
0 3.3444e-06
1 3.3453e-06
2 3.3450e-06
3 3.3448e-06
4 3.3434e-06
5 3.3431e-06
6 3.3434e-06
7 3.3434e-06
8 3.3415e-06
9 3.3414e-06
0 3.3446e-06
1 3.3450e-06
2 3.3454e-06
3 3.3458e-06
4 3.3455e-06
5 3.3451e-06
6 3.3456e-06
7 3.3448e-06
8 3.3446e-06
9 3.3441e-06
0 3.3444e-06
1 3.3445e-06
2 3.3451e-06
3 3.3439e-06
4 3.3441e-06
5 3.3443e-06
6 3.3443e-06
7 3.3439e-06
8 3.3443e-06
9 3.3448e-06
0 3.3451e-06
1 3.3455e-06
2 3.3458e-06
3 3.3461e-06
4 3.3467e-06
5 3.3463e-06
6 3.3467e-06
7 3.3475e-06
8 3.3476e-06
9 3.3474e-06
0 3.3435e-06
1 3.3454e-06
2 3.3457e-06
3 3.3457e-06
4 3.3453e-06
5 3.3452e-06
6 3.3450e-06
7 3.3444e-06
8 3.3445e-06
9 3.3441e-06
0 3.3445e-06
0 3.3452e-06
1 3.3445e-06
1 3.3452e-06
2 3.3444e-06
2 3.3450e-06
3 3.3445e-06
3 3.3448e-06
4 3.3434e-06
4 3.3453e-06
5 3.3441e-06
5 3.3453e-06
6 3.3443e-06
6 3.3453e-06
7 3.3439e-06
7 3.3452e-06
8 3.3445e-06
8 3.3443e-06
9 3.3467e-06
9 3.3439e-06
0 3.3437e-06
1 3.3436e-06
2 3.3435e-06
3 3.3438e-06
4 3.3444e-06
5 3.3440e-06
6 3.3414e-06
7 3.3413e-06
8 3.3415e-06
9 3.3428e-06
0 3.3438e-06
1 3.3452e-06
2 3.3456e-06
3 3.3453e-06
4 3.3450e-06
5 3.3448e-06
6 3.3441e-06
7 3.3441e-06
8 3.3441e-06
9 3.3444e-06
0 3.3440e-06
1 3.3437e-06
2 3.3443e-06
3 3.3461e-06
4 3.3471e-06
5 3.3469e-06
6 3.3469e-06
7 3.3466e-06
8 3.3457e-06
9 3.3462e-06
0 3.3431e-06
1 3.3431e-06
2 3.3410e-06
3 3.3410e-06
4 3.3416e-06
5 3.3415e-06
6 3.3408e-06
7 3.3400e-06
8 3.3404e-06
9 3.3408e-06
0 3.3436e-06
1 3.3436e-06
2 3.3431e-06
3 3.3429e-06
4 3.3430e-06
5 3.3435e-06
6 3.3439e-06
7 3.3439e-06
8 3.3445e-06
9 3.3442e-06
0 3.3447e-06
1 3.3447e-06
2 3.3416e-06
3 3.3413e-06
4 3.3406e-06
5 3.3408e-06
6 3.3405e-06
7 3.3408e-06
8 3.3413e-06
9 3.3409e-06
0 3.3431e-06
1 3.3437e-06
2 3.3425e-06
3 3.3423e-06
4 3.3425e-06
5 3.3422e-06
6 3.3417e-06
7 3.3414e-06
8 3.3416e-06
9 3.3415e-06
0 3.3457e-06
1 3.3460e-06
2 3.3455e-06
3 3.3456e-06
4 3.3455e-06
5 3.3453e-06
6 3.3455e-06
7 3.3449e-06
8 3.3454e-06
9 3.3451e-06
0 3.3461e-06
1 3.3461e-06
2 3.3462e-06
3 3.3463e-06
4 3.3466e-06
5 3.3456e-06
6 3.3456e-06
7 3.3461e-06
8 3.3469e-06
9 3.3476e-06
