0.25 3.2501e-06
0.25 3.1853e-06
0.25 3.3788e-06
0.50 3.2807e-06
0.25 3.3041e-06
0.50 3.4881e-06
0.75 3.3242e-06
0.25 3.3576e-06
0.25 3.5321e-06
1.00 3.4241e-06
1.00 3.3423e-06
0.25 3.3422e-06
0.50 3.3878e-06
0.50 3.3966e-06
0.25 3.3346e-06
1.25 3.3854e-06
0.75 3.4487e-06
1.25 3.4273e-06
0.25 3.3251e-06
0.25 3.1822e-06
1.50 3.3830e-06
1.75 3.3762e-06
1.75 3.3081e-06
0.50 3.4122e-06
0.25 3.4793e-06
0.50 3.4120e-06
0.25 3.3222e-06
2.00 3.4304e-06
2.00 3.4567e-06
1.00 3.3508e-06
1.00 3.4666e-06
0.25 3.3499e-06
2.25 3.4351e-06
0.75 3.4001e-06
0.25 3.2372e-06
0.50 3.3582e-06
0.50 3.3615e-06
0.25 3.4146e-06
0.25 3.4936e-06
1.25 3.4469e-06
0.50 3.3697e-06
0.25 3.2221e-06
0.25 3.4499e-06
1.25 3.4718e-06
0.75 3.3554e-06
0.50 3.4705e-06
0.25 3.3717e-06
1.00 3.4128e-06
1.00 3.4132e-06
0.25 3.6802e-06
1.50 3.4858e-06
0.50 3.3841e-06
0.25 3.4735e-06
1.75 3.4996e-06
1.75 3.3800e-06
0.25 3.5130e-06
0.50 3.3937e-06
0.75 3.4666e-06
0.25 3.1577e-06
0.50 3.4642e-06
0.25 3.4703e-06
1.25 3.3953e-06
2.00 3.4322e-06
0.25 3.3580e-06
0.50 3.3276e-06
1.25 3.4481e-06
0.25 3.4362e-06
2.00 3.3986e-06
1.00 3.3918e-06
1.00 3.3313e-06
0.25 3.3985e-06
0.75 3.3977e-06
0.50 3.3974e-06
2.25 3.4057e-06
0.25 3.3845e-06
0.25 3.4391e-06
0.50 3.3838e-06
0.25 3.1092e-06
0.25 3.6285e-06
1.50 3.4015e-06
1.75 3.4071e-06
0.25 3.2533e-06
0.75 3.4947e-06
1.75 3.3838e-06
0.50 3.5249e-06
1.25 3.4344e-06
0.50 3.2797e-06
0.25 3.3870e-06
1.00 3.5399e-06
1.00 3.3037e-06
0.25 3.5426e-06
0.25 3.4482e-06
1.25 3.4498e-06
0.25 3.4220e-06
0.25 3.4061e-06
0.50 3.4924e-06
2.00 3.4737e-06
0.50 3.5870e-06
0.75 3.3070e-06
0.25 3.5041e-06
0.25 3.2708e-06
0.25 3.3377e-06
0.50 3.3742e-06
1.00 3.3339e-06
0.25 3.3055e-06
1.00 3.3777e-06
0.50 3.4250e-06
2.00 3.4486e-06
1.50 3.3873e-06
0.25 3.4888e-06
1.25 3.4811e-06
0.75 3.4022e-06
0.25 3.4124e-06
0.25 3.3746e-06
1.75 3.4173e-06
2.25 3.3895e-06
0.50 3.2644e-06
1.25 3.4008e-06
0.25 3.5692e-06
1.75 3.4814e-06
0.50 3.3747e-06
0.25 3.2514e-06
0.25 3.3287e-06
1.00 3.3249e-06
0.75 3.4190e-06
0.25 3.3430e-06
0.50 3.5330e-06
0.25 3.3764e-06
0.50 3.4395e-06
1.00 3.4805e-06
0.25 3.4257e-06
0.25 3.3252e-06
2.00 3.4097e-06
1.50 3.4464e-06
0.25 3.4404e-06
0.50 3.4779e-06
0.75 3.4149e-06
1.25 3.4372e-06
0.25 3.3786e-06
0.50 3.4656e-06
1.25 3.3948e-06
1.00 3.3669e-06
0.25 3.3320e-06
0.25 3.4491e-06
2.00 3.4482e-06
1.75 3.3807e-06
0.50 3.3980e-06
1.75 3.4326e-06
0.25 3.4980e-06
0.50 3.5642e-06
1.00 3.4418e-06
0.25 3.3719e-06
0.25 3.5187e-06
0.75 3.4082e-06
0.25 3.1755e-06
0.50 3.4212e-06
0.50 3.4186e-06
0.25 3.3687e-06
1.25 3.4071e-06
2.25 3.4634e-06
1.00 3.5119e-06
1.50 3.4385e-06
0.25 3.1446e-06
0.25 3.4648e-06
1.25 3.4251e-06
0.50 3.2272e-06
0.75 3.3784e-06
0.25 3.3724e-06
0.50 3.4613e-06
0.25 3.4388e-06
1.00 3.4298e-06
2.00 3.4225e-06
0.25 3.4145e-06
0.25 3.4368e-06
1.75 3.4909e-06
0.50 3.5317e-06
1.75 3.3689e-06
0.25 3.3622e-06
0.25 3.0860e-06
0.75 3.4772e-06
1.00 3.3607e-06
1.25 3.3992e-06
0.75 3.3104e-06
2.00 3.3848e-06
0.25 3.3571e-06
0.25 3.5081e-06
1.25 3.4747e-06
0.50 3.4966e-06
1.00 3.4307e-06
1.50 3.4668e-06
0.25 3.3610e-06
0.25 3.4979e-06
0.75 3.4509e-06
1.00 3.4631e-06
0.25 3.6628e-06
0.25 3.4176e-06
0.50 3.4437e-06
0.75 3.3945e-06
2.25 3.3823e-06
0.25 3.3171e-06
0.25 3.3718e-06
0.25 3.5122e-06
1.25 3.4220e-06
1.00 3.3602e-06
0.50 3.3378e-06
0.25 3.2895e-06
1.75 3.4018e-06
1.25 3.4362e-06
0.75 3.5147e-06
1.00 3.3966e-06
2.00 3.3884e-06
1.75 3.4696e-06
0.75 3.3134e-06
0.25 3.4882e-06
0.50 3.2734e-06
0.50 3.6127e-06
0.25 3.3907e-06
2.00 3.4105e-06
1.50 3.3706e-06
1.00 3.4780e-06
0.50 3.3898e-06
0.75 3.4369e-06
0.25 3.4316e-06
1.25 3.4756e-06
1.25 3.3998e-06
0.75 3.3991e-06
0.50 3.3410e-06
0.25 3.4221e-06
1.00 3.5215e-06
0.50 3.3911e-06
0.25 3.4906e-06
0.75 3.2667e-06
0.25 3.4536e-06
0.50 3.5940e-06
1.00 3.4969e-06
1.75 3.4577e-06
2.25 3.4552e-06
0.25 3.4426e-06
0.50 3.3234e-06
0.75 3.3302e-06
1.75 3.4641e-06
1.50 3.4439e-06
2.00 3.4081e-06
0.25 3.3820e-06
0.50 3.4020e-06
1.00 3.3697e-06
1.25 3.4139e-06
0.25 3.1148e-06
0.50 3.3305e-06
0.75 3.3809e-06
1.25 3.3920e-06
0.75 3.3219e-06
0.25 3.4255e-06
2.00 3.4198e-06
1.00 3.4339e-06
0.50 3.3747e-06
0.25 3.4579e-06
0.50 3.3279e-06
0.75 3.4110e-06
0.25 3.4070e-06
0.75 3.3429e-06
0.50 3.4340e-06
1.00 3.3900e-06
1.50 3.3965e-06
0.50 3.3543e-06
0.25 3.3383e-06
1.75 3.3899e-06
1.25 3.4237e-06
1.25 3.4042e-06
0.25 3.2063e-06
1.75 3.4775e-06
1.00 3.3259e-06
0.50 3.4131e-06
0.50 3.4548e-06
0.75 3.3963e-06
0.25 3.4153e-06
2.25 3.4327e-06
0.75 3.4644e-06
2.00 3.4457e-06
0.25 3.3230e-06
0.50 3.5203e-06
1.00 3.4547e-06
0.25 3.6455e-06
0.50 3.4307e-06
1.25 3.4740e-06
0.75 3.4262e-06
1.00 3.4274e-06
0.25 3.4697e-06
1.50 3.4658e-06
1.50 3.4063e-06
0.75 3.3944e-06
0.25 3.4443e-06
2.25 3.4320e-06
1.75 3.4136e-06
0.50 3.2879e-06
0.50 3.6655e-06
0.25 3.3889e-06
1.75 3.4038e-06
1.00 3.4262e-06
0.25 3.4927e-06
0.75 3.4302e-06
1.00 3.4140e-06
0.50 3.3240e-06
0.50 3.4740e-06
0.25 3.5264e-06
0.75 3.5626e-06
1.25 3.4788e-06
1.50 3.4402e-06
2.00 3.4530e-06
0.50 3.4216e-06
2.25 3.4028e-06
0.75 3.4638e-06
0.50 3.5315e-06
0.75 3.4116e-06
1.50 3.4164e-06
1.00 3.4225e-06
1.00 3.4909e-06
0.50 3.4816e-06
0.50 3.4687e-06
1.25 3.4184e-06
1.75 3.4565e-06
0.75 3.4285e-06
1.75 3.4804e-06
0.75 3.4750e-06
0.50 3.3972e-06
2.25 3.3794e-06
0.50 3.4133e-06
1.00 3.4114e-06
1.00 3.4539e-06
0.50 3.3390e-06
0.75 3.4818e-06
1.50 3.3431e-06
0.75 3.2710e-06
0.50 3.3641e-06
2.00 3.3936e-06
1.50 3.3348e-06
1.25 3.3639e-06
0.50 3.4910e-06
2.50 3.3834e-06
0.50 3.3635e-06
2.25 3.3947e-06
0.75 3.4098e-06
0.75 3.3013e-06
1.00 3.4288e-06
1.00 3.4029e-06
1.75 3.4182e-06
0.50 3.4098e-06
1.75 3.4106e-06
0.50 3.5471e-06
0.75 3.4495e-06
0.75 3.4263e-06
1.50 3.4088e-06
0.50 3.5074e-06
2.25 3.3586e-06
1.25 3.4438e-06
0.50 3.4812e-06
1.00 3.3947e-06
1.00 3.3288e-06
1.50 3.4151e-06
0.75 3.3389e-06
0.75 3.2857e-06
0.50 3.4400e-06
0.50 3.4657e-06
2.00 3.3587e-06
1.75 3.4795e-06
0.50 3.2456e-06
1.75 3.4010e-06
1.25 3.3044e-06
0.50 3.3092e-06
1.00 3.4401e-06
0.75 3.3599e-06
0.75 3.4926e-06
2.50 3.4422e-06
2.25 3.3901e-06
1.00 3.4012e-06
1.50 3.3770e-06
0.50 3.3673e-06
0.50 3.4181e-06
0.75 3.5416e-06
1.50 3.3975e-06
0.75 3.4651e-06
0.50 3.4944e-06
1.00 3.3946e-06
2.25 3.4227e-06
1.75 3.4069e-06
1.00 3.4456e-06
0.50 3.4407e-06
0.75 3.4156e-06
1.25 3.4550e-06
2.00 3.4305e-06
0.50 3.3361e-06
0.75 3.4511e-06
1.75 3.4873e-06
1.50 3.4348e-06
1.00 3.4201e-06
0.50 3.3955e-06
0.75 3.4992e-06
2.25 3.4406e-06
0.75 3.3348e-06
1.00 3.4901e-06
1.50 3.3391e-06
0.50 3.3989e-06
2.50 3.4156e-06
1.75 3.3021e-06
1.25 3.4411e-06
1.00 3.2980e-06
0.75 3.3748e-06
0.75 3.4244e-06
0.50 3.4080e-06
1.50 3.4093e-06
2.25 3.4264e-06
2.00 3.3414e-06
1.00 3.4262e-06
1.75 3.4159e-06
0.50 3.4458e-06
0.75 3.4279e-06
1.00 3.4202e-06
0.75 3.4188e-06
2.50 3.4630e-06
1.25 3.3560e-06
1.50 3.3764e-06
0.50 3.2530e-06
1.75 3.3409e-06
0.75 3.3812e-06
1.00 3.4927e-06
1.50 3.3886e-06
0.75 3.4898e-06
0.50 3.2865e-06
2.25 3.4130e-06
2.50 3.4477e-06
1.00 3.5150e-06
0.50 3.4472e-06
1.25 3.4400e-06
0.75 3.3594e-06
1.75 3.3623e-06
2.00 3.4448e-06
0.75 3.4383e-06
1.50 3.4414e-06
2.25 3.3790e-06
0.50 3.2915e-06
1.00 3.3987e-06
1.00 3.4381e-06
0.75 3.4730e-06
1.75 3.4411e-06
1.50 3.4731e-06
0.50 3.3013e-06
0.75 3.2381e-06
2.50 3.4064e-06
1.25 3.3918e-06
0.75 3.4697e-06
0.50 3.4750e-06
1.00 3.3799e-06
1.00 3.4069e-06
1.50 3.4093e-06
0.75 3.3611e-06
2.25 3.4053e-06
2.50 3.4056e-06
1.75 3.4487e-06
0.50 3.4275e-06
2.00 3.4124e-06
0.75 3.4145e-06
1.75 3.4203e-06
1.50 3.3975e-06
0.75 3.4260e-06
1.00 3.4320e-06
0.50 3.5238e-06
1.00 3.4643e-06
2.25 3.3782e-06
1.25 3.4787e-06
0.75 3.4407e-06
0.50 3.4186e-06
1.50 3.4288e-06
0.75 3.3902e-06
2.50 3.4341e-06
1.00 3.4261e-06
0.75 3.4105e-06
1.00 3.4072e-06
1.75 3.4160e-06
0.50 3.4182e-06
1.25 3.4052e-06
1.50 3.3536e-06
1.75 3.4245e-06
2.25 3.4442e-06
0.75 3.3531e-06
2.00 3.3956e-06
2.50 3.4394e-06
0.50 3.3687e-06
0.75 3.3452e-06
1.50 3.3746e-06
1.00 3.4540e-06
1.00 3.5021e-06
0.50 3.3222e-06
0.75 3.3023e-06
2.25 3.4268e-06
1.25 3.3922e-06
0.75 3.3968e-06
0.50 3.4733e-06
1.50 3.3071e-06
1.75 3.4736e-06
0.75 3.4025e-06
1.00 3.4237e-06
1.00 3.4094e-06
2.50 3.3817e-06
1.75 3.3843e-06
0.50 3.4472e-06
0.75 3.4638e-06
1.50 3.5107e-06
2.00 3.4326e-06
1.25 3.4311e-06
2.25 3.3761e-06
0.75 3.6010e-06
2.50 3.4434e-06
1.00 3.4043e-06
0.75 3.4481e-06
1.00 3.4168e-06
2.25 3.4051e-06
1.50 3.3086e-06
1.75 3.4417e-06
0.75 3.4430e-06
1.25 3.4323e-06
0.75 3.3970e-06
1.50 3.4339e-06
1.00 3.4565e-06
1.00 3.4425e-06
1.75 3.4152e-06
2.00 3.4149e-06
0.75 3.2699e-06
0.75 3.4992e-06
2.50 3.4241e-06
1.25 3.4536e-06
2.25 3.4272e-06
1.50 3.3928e-06
2.75 3.4072e-06
1.00 3.4661e-06
1.25 3.3858e-06
0.75 3.4691e-06
2.50 3.4388e-06
1.75 3.4406e-06
1.75 3.4614e-06
2.25 3.4675e-06
0.75 3.4083e-06
1.50 3.4350e-06
1.25 3.3734e-06
1.00 3.4183e-06
0.75 3.4769e-06
2.00 3.4651e-06
1.50 3.3863e-06
0.75 3.3932e-06
1.25 3.3947e-06
0.75 3.4242e-06
2.25 3.3331e-06
1.50 3.3994e-06
0.75 3.4210e-06
2.50 3.4527e-06
1.75 3.4676e-06
1.75 3.4183e-06
1.00 3.3613e-06
1.25 3.4550e-06
2.75 3.4140e-06
0.75 3.4162e-06
1.25 3.3516e-06
0.75 3.4094e-06
2.50 3.3712e-06
2.25 3.3780e-06
1.50 3.4550e-06
0.75 3.4070e-06
1.00 3.4584e-06
2.00 3.3930e-06
1.25 3.4160e-06
1.50 3.3860e-06
0.75 3.4553e-06
1.75 3.4341e-06
0.75 3.4795e-06
1.75 3.4265e-06
1.25 3.4084e-06
2.25 3.3343e-06
1.00 3.2869e-06
0.75 3.4798e-06
2.50 3.4563e-06
1.50 3.3834e-06
0.75 3.4563e-06
1.25 3.4437e-06
1.50 3.4811e-06
2.25 3.5087e-06
2.75 3.4639e-06
0.75 3.4009e-06
1.25 3.3906e-06
2.50 3.4022e-06
0.75 3.4167e-06
1.00 3.4860e-06
2.00 3.3989e-06
1.75 3.4150e-06
1.75 3.4005e-06
0.75 3.4443e-06
1.50 3.4756e-06
1.25 3.4401e-06
2.25 3.3787e-06
0.75 3.3530e-06
1.00 3.4332e-06
1.50 3.4906e-06
1.25 3.3587e-06
1.00 3.3529e-06
0.75 3.4787e-06
2.25 3.4413e-06
1.75 3.4198e-06
1.25 3.3037e-06
2.50 3.4206e-06
1.00 3.3586e-06
2.00 3.4639e-06
1.75 3.4412e-06
1.25 3.3396e-06
1.50 3.4057e-06
2.50 3.3537e-06
1.00 3.3919e-06
1.50 3.4847e-06
2.75 3.4399e-06
2.25 3.4016e-06
1.00 3.4457e-06
1.25 3.4055e-06
1.75 3.4509e-06
1.25 3.4296e-06
1.50 3.4405e-06
1.00 3.3545e-06
1.75 3.4548e-06
1.00 3.3860e-06
2.25 3.4278e-06
1.50 3.4042e-06
1.25 3.3741e-06
2.00 3.4440e-06
2.75 3.4236e-06
1.00 3.3966e-06
2.50 3.4694e-06
2.50 3.4632e-06
1.25 3.4035e-06
1.00 3.4917e-06
2.25 3.4670e-06
1.50 3.3784e-06
1.75 3.3977e-06
1.25 3.4358e-06
1.50 3.4249e-06
1.75 3.3989e-06
1.00 3.3871e-06
2.75 3.4008e-06
1.00 3.3767e-06
2.25 3.4293e-06
1.25 3.5384e-06
2.00 3.4138e-06
1.50 3.3902e-06
1.25 3.4174e-06
1.50 3.4390e-06
1.75 3.4100e-06
1.00 3.4050e-06
2.50 3.4312e-06
1.75 3.4126e-06
2.50 3.4215e-06
2.75 3.3750e-06
2.25 3.3894e-06
1.25 3.4305e-06
1.25 3.4030e-06
1.50 3.4466e-06
1.00 3.3959e-06
2.00 3.3833e-06
1.50 3.4999e-06
2.75 3.3778e-06
2.25 3.3867e-06
3.00 3.4246e-06
1.25 3.5102e-06
1.75 3.4222e-06
1.75 3.4317e-06
1.00 3.4364e-06
1.25 3.4381e-06
1.50 3.4187e-06
2.25 3.4662e-06
2.50 3.4046e-06
1.50 3.3966e-06
2.50 3.3572e-06
1.00 3.4118e-06
1.25 3.4451e-06
2.00 3.4532e-06
3.00 3.3822e-06
1.25 3.3903e-06
1.75 3.4571e-06
2.00 3.4346e-06
2.25 3.4425e-06
1.50 3.3837e-06
1.00 3.3872e-06
1.25 3.4161e-06
2.75 3.4052e-06
1.50 3.3521e-06
1.25 3.3338e-06
3.00 3.4475e-06
2.25 3.4032e-06
1.00 3.4530e-06
1.75 3.4379e-06
2.00 3.3906e-06
2.50 3.4381e-06
2.50 3.3736e-06
1.25 3.4389e-06
1.50 3.4832e-06
1.25 3.2927e-06
3.00 3.3835e-06
1.50 3.3792e-06
2.00 3.3808e-06
1.00 3.3795e-06
2.25 3.4462e-06
1.25 3.3863e-06
1.00 3.5014e-06
2.75 3.3520e-06
1.50 3.4321e-06
2.25 3.4479e-06
1.75 3.3693e-06
1.25 3.3256e-06
1.50 3.4396e-06
2.00 3.4716e-06
2.50 3.4037e-06
1.25 3.4731e-06
3.00 3.4042e-06
2.50 3.4111e-06
1.00 3.4525e-06
2.00 3.3605e-06
1.25 3.3662e-06
2.25 3.4592e-06
1.50 3.3681e-06
3.00 3.4355e-06
1.50 3.3987e-06
1.75 3.4433e-06
1.25 3.4931e-06
1.00 3.2989e-06
2.25 3.3949e-06
2.00 3.4382e-06
1.25 3.3749e-06
2.75 3.4124e-06
1.00 3.3763e-06
1.50 3.4398e-06
1.50 3.4313e-06
2.50 3.4493e-06
2.00 3.4180e-06
2.50 3.4579e-06
1.25 3.4503e-06
1.75 3.3342e-06
2.25 3.3940e-06
1.25 3.4858e-06
3.00 3.3971e-06
1.00 3.3754e-06
2.00 3.4022e-06
2.25 3.4224e-06
1.50 3.4156e-06
3.00 3.4121e-06
1.25 3.3707e-06
1.50 3.3834e-06
1.00 3.4768e-06
1.25 3.3987e-06
2.00 3.4089e-06
1.75 3.4399e-06
2.75 3.4029e-06
2.50 3.4160e-06
1.00 3.3875e-06
2.50 3.4718e-06
2.25 3.4235e-06
1.25 3.4220e-06
2.00 3.3963e-06
1.50 3.4688e-06
1.50 3.4275e-06
1.25 3.4846e-06
2.25 3.4546e-06
3.00 3.3956e-06
1.25 3.4299e-06
2.00 3.3612e-06
1.75 3.4228e-06
1.50 3.4326e-06
3.00 3.4155e-06
1.25 3.3787e-06
1.50 3.4503e-06
2.00 3.3849e-06
2.25 3.4145e-06
2.50 3.4590e-06
2.75 3.3778e-06
1.25 3.5113e-06
2.50 3.4526e-06
2.25 3.4870e-06
1.25 3.4504e-06
1.50 3.4484e-06
2.00 3.4073e-06
3.25 3.4180e-06
1.50 3.4513e-06
1.75 3.3648e-06
1.25 3.3760e-06
2.00 3.4421e-06
3.00 3.4221e-06
2.25 3.4445e-06
1.25 3.3751e-06
1.50 3.4188e-06
2.50 3.4086e-06
3.00 3.3956e-06
1.25 3.3482e-06
1.50 3.3938e-06
1.75 3.4376e-06
2.00 3.4230e-06
2.50 3.4858e-06
2.75 3.4297e-06
2.25 3.4228e-06
1.25 3.3965e-06
1.50 3.4007e-06
2.00 3.4038e-06
1.25 3.4109e-06
2.25 3.4011e-06
1.50 3.4300e-06
3.25 3.4307e-06
1.25 3.4364e-06
1.75 3.3940e-06
3.00 3.4089e-06
2.00 3.4012e-06
2.50 3.4129e-06
1.50 3.4220e-06
2.50 3.4249e-06
2.25 3.4722e-06
1.25 3.4288e-06
3.00 3.3880e-06
2.00 3.3996e-06
2.75 3.4144e-06
1.25 3.4663e-06
1.50 3.4341e-06
1.75 3.4747e-06
2.25 3.3861e-06
1.50 3.4449e-06
2.00 3.4838e-06
1.25 3.3510e-06
1.50 3.4704e-06
2.50 3.4488e-06
2.50 3.4284e-06
2.25 3.4231e-06
2.00 3.4473e-06
1.75 3.3871e-06
3.00 3.4229e-06
3.25 3.4492e-06
1.50 3.4277e-06
2.75 3.4365e-06
2.25 3.3864e-06
1.25 3.4855e-06
3.00 3.4596e-06
1.50 3.4145e-06
3.25 3.4682e-06
2.00 3.3644e-06
1.75 3.3880e-06
1.50 3.4006e-06
2.00 3.3889e-06
2.25 3.3580e-06
2.50 3.4471e-06
1.25 3.4118e-06
2.50 3.4106e-06
1.50 3.4106e-06
2.25 3.4265e-06
2.00 3.5136e-06
3.00 3.4471e-06
1.75 3.4541e-06
1.50 3.4115e-06
3.25 3.3672e-06
1.25 3.3491e-06
2.75 3.4038e-06
3.00 3.4089e-06
2.00 3.3671e-06
1.50 3.4378e-06
2.25 3.4213e-06
3.25 3.4644e-06
2.50 3.4343e-06
1.25 3.4178e-06
2.50 3.4069e-06
1.75 3.4450e-06
1.50 3.4126e-06
2.25 3.4282e-06
2.00 3.4412e-06
1.50 3.4763e-06
3.00 3.3903e-06
2.00 3.3299e-06
2.75 3.4010e-06
2.25 3.4356e-06
1.75 3.4164e-06
3.25 3.3923e-06
1.75 3.4174e-06
2.50 3.4069e-06
3.00 3.4683e-06
2.50 3.4505e-06
2.00 3.4197e-06
1.50 3.4458e-06
2.25 3.4165e-06
3.25 3.4211e-06
2.00 3.3322e-06
1.75 3.4227e-06
1.75 3.3868e-06
2.25 3.4461e-06
3.50 3.3904e-06
2.75 3.4360e-06
1.50 3.3516e-06
3.00 3.4182e-06
2.00 3.4373e-06
2.50 3.4442e-06
2.50 3.4100e-06
2.25 3.3776e-06
1.75 3.3510e-06
3.00 3.4145e-06
3.25 3.3769e-06
1.75 3.4515e-06
2.00 3.3801e-06
1.50 3.4109e-06
2.25 3.4224e-06
3.25 3.4488e-06
2.00 3.3716e-06
1.75 3.4234e-06
2.25 3.4118e-06
1.50 3.3312e-06
2.75 3.4228e-06
3.00 3.3425e-06
1.75 3.3906e-06
2.50 3.3917e-06
2.50 3.3772e-06
2.00 3.3809e-06
3.50 3.4756e-06
3.00 3.4900e-06
2.25 3.4635e-06
2.00 3.4657e-06
1.50 3.4551e-06
1.75 3.4181e-06
3.25 3.4653e-06
1.75 3.4790e-06
2.25 3.4551e-06
3.25 3.4206e-06
2.75 3.3979e-06
2.00 3.4716e-06
1.50 3.4296e-06
2.50 3.3690e-06
3.00 3.3331e-06
2.75 3.4375e-06
2.00 3.4546e-06
2.25 3.3999e-06
1.75 3.3384e-06
1.75 3.4427e-06
3.50 3.4025e-06
3.00 3.4243e-06
2.25 3.4605e-06
1.50 3.3767e-06
2.00 3.3821e-06
3.25 3.4150e-06
1.75 3.3865e-06
1.75 3.3863e-06
2.00 3.4787e-06
2.75 3.4009e-06
2.25 3.4249e-06
2.50 3.4005e-06
3.25 3.3676e-06
1.50 3.4224e-06
2.75 3.3772e-06
3.00 3.3790e-06
2.25 3.4542e-06
2.00 3.4868e-06
1.75 3.3975e-06
2.00 3.3908e-06
1.75 3.4250e-06
3.00 3.4499e-06
3.50 3.4145e-06
2.25 3.4398e-06
2.75 3.4757e-06
3.25 3.4022e-06
2.50 3.3628e-06
2.00 3.4224e-06
1.75 3.3998e-06
2.25 3.5115e-06
1.75 3.4005e-06
2.00 3.4828e-06
3.00 3.4184e-06
2.75 3.4334e-06
3.25 3.4439e-06
3.75 3.4096e-06
2.25 3.4462e-06
3.00 3.4457e-06
1.75 3.4887e-06
1.75 3.4289e-06
2.00 3.4494e-06
2.25 3.4173e-06
2.50 3.4132e-06
2.00 3.4205e-06
2.75 3.4041e-06
3.50 3.4293e-06
3.25 3.3907e-06
2.75 3.4097e-06
3.00 3.4682e-06
2.25 3.4430e-06
3.25 3.4080e-06
1.75 3.4343e-06
2.00 3.4000e-06
2.25 3.4295e-06
2.00 3.4526e-06
3.00 3.3973e-06
2.50 3.4300e-06
3.75 3.4140e-06
2.75 3.4269e-06
3.50 3.4034e-06
1.75 3.4158e-06
2.25 3.4058e-06
3.75 3.4113e-06
3.25 3.3988e-06
2.00 3.4018e-06
2.00 3.4295e-06
3.00 3.4028e-06
2.75 3.4197e-06
2.25 3.4240e-06
3.25 3.4500e-06
2.50 3.3724e-06
3.00 3.4466e-06
1.75 3.4651e-06
2.00 3.3880e-06
2.00 3.4249e-06
2.25 3.4150e-06
2.75 3.4431e-06
2.25 3.4100e-06
3.75 3.3911e-06
2.75 3.4053e-06
3.50 3.4449e-06
3.00 3.4612e-06
3.25 3.4777e-06
3.75 3.4185e-06
1.75 3.3914e-06
2.50 3.4280e-06
3.25 3.4268e-06
2.00 3.4026e-06
2.00 3.3924e-06
3.00 3.4449e-06
2.25 3.3946e-06
2.25 3.4481e-06
2.75 3.3923e-06
1.75 3.3619e-06
2.75 3.3895e-06
2.50 3.3939e-06
2.00 3.4214e-06
3.00 3.4190e-06
2.00 3.4239e-06
3.50 3.4105e-06
3.75 3.3678e-06
1.75 3.3367e-06
3.25 3.4560e-06
3.25 3.4673e-06
3.00 3.4405e-06
2.50 3.4150e-06
2.25 3.4457e-06
3.75 3.4099e-06
2.75 3.4021e-06
2.00 3.4797e-06
2.00 3.4265e-06
2.50 3.4516e-06
2.75 3.4524e-06
3.00 3.4298e-06
2.25 3.3871e-06
2.50 3.3772e-06
3.25 3.4246e-06
3.50 3.4549e-06
3.00 3.3996e-06
2.00 3.4104e-06
3.75 3.4429e-06
2.00 3.4215e-06
2.75 3.3968e-06
3.25 3.3892e-06
4.00 3.4073e-06
2.50 3.3953e-06
3.75 3.4456e-06
2.75 3.3877e-06
2.25 3.3770e-06
2.00 3.4082e-06
2.50 3.3881e-06
2.00 3.3621e-06
3.00 3.3766e-06
2.75 3.4266e-06
3.00 3.4281e-06
3.25 3.4312e-06
3.50 3.3930e-06
3.25 3.4323e-06
2.00 3.4068e-06
2.25 3.4002e-06
2.50 3.3860e-06
2.00 3.4490e-06
3.75 3.4225e-06
2.75 3.4773e-06
2.50 3.4070e-06
3.75 3.4154e-06
4.00 3.4397e-06
2.75 3.4026e-06
3.00 3.4326e-06
3.00 3.4447e-06
2.00 3.4225e-06
3.25 3.4233e-06
2.00 3.4423e-06
2.25 3.3434e-06
2.50 3.4413e-06
3.25 3.4536e-06
2.75 3.4072e-06
3.50 3.4270e-06
2.50 3.4400e-06
2.00 3.4607e-06
3.75 3.4653e-06
2.75 3.4074e-06
3.00 3.4644e-06
3.75 3.4578e-06
4.00 3.4123e-06
2.25 3.4411e-06
3.00 3.4564e-06
2.50 3.4351e-06
3.25 3.4248e-06
2.75 3.4902e-06
2.00 3.4234e-06
2.50 3.3912e-06
3.25 3.4532e-06
4.00 3.3399e-06
3.50 3.4392e-06
2.25 3.4137e-06
2.75 3.4622e-06
3.75 3.4016e-06
3.00 3.4927e-06
2.50 3.3986e-06
2.00 3.4460e-06
3.00 3.3597e-06
3.75 3.3562e-06
2.50 3.3991e-06
2.75 3.4270e-06
4.00 3.3895e-06
3.25 3.4292e-06
2.25 3.3684e-06
3.50 3.3848e-06
3.25 3.4288e-06
2.00 3.4036e-06
2.75 3.4026e-06
2.50 3.4390e-06
2.50 3.3892e-06
4.00 3.4243e-06
3.00 3.4266e-06
3.00 3.3883e-06
3.75 3.4269e-06
2.25 3.4285e-06
2.75 3.4411e-06
3.75 3.3404e-06
3.25 3.4132e-06
2.50 3.4637e-06
2.50 3.4070e-06
3.50 3.4030e-06
2.75 3.4313e-06
4.00 3.3967e-06
3.25 3.4247e-06
3.00 3.4569e-06
2.25 3.3820e-06
3.00 3.3639e-06
2.75 3.4377e-06
4.00 3.4259e-06
4.25 3.4007e-06
3.75 3.3868e-06
2.50 3.4000e-06
3.25 3.4486e-06
3.75 3.4147e-06
2.50 3.4794e-06
2.75 3.3683e-06
2.25 3.4516e-06
3.50 3.4057e-06
3.00 3.4233e-06
3.25 3.4196e-06
3.00 3.4535e-06
2.75 3.3918e-06
4.00 3.3894e-06
2.50 3.4547e-06
2.25 3.3991e-06
2.50 3.4012e-06
4.00 3.4131e-06
3.75 3.4450e-06
3.25 3.4344e-06
2.75 3.3376e-06
4.25 3.4369e-06
3.00 3.3590e-06
3.75 3.4357e-06
3.50 3.4853e-06
3.00 3.4210e-06
2.75 3.4153e-06
3.25 3.3771e-06
2.50 3.4378e-06
2.25 3.3976e-06
2.50 3.4850e-06
4.00 3.4740e-06
2.75 3.3764e-06
3.25 3.4237e-06
3.00 3.4446e-06
4.00 3.4220e-06
3.75 3.4584e-06
2.25 3.4426e-06
3.00 3.3981e-06
2.75 3.4498e-06
4.25 3.4133e-06
2.50 3.3797e-06
3.50 3.4094e-06
3.75 3.4662e-06
2.50 3.4224e-06
3.50 3.3885e-06
2.75 3.3949e-06
4.00 3.4465e-06
3.00 3.4197e-06
3.25 3.3834e-06
2.75 3.4449e-06
3.00 3.3844e-06
2.50 3.3939e-06
3.75 3.4079e-06
4.00 3.4509e-06
2.50 3.4157e-06
3.50 3.4268e-06
4.50 3.4396e-06
3.50 3.3880e-06
4.25 3.4610e-06
2.75 3.4711e-06
3.75 3.4111e-06
2.50 3.3960e-06
3.00 3.4614e-06
2.75 3.4067e-06
3.00 3.3985e-06
3.25 3.4682e-06
4.00 3.4265e-06
2.50 3.4314e-06
3.75 3.4541e-06
2.75 3.3996e-06
3.50 3.4389e-06
4.00 3.3525e-06
3.50 3.4338e-06
2.50 3.4387e-06
3.75 3.4370e-06
2.75 3.4245e-06
3.00 3.4289e-06
4.50 3.4863e-06
4.25 3.4107e-06
3.00 3.4752e-06
3.25 3.4038e-06
2.75 3.4603e-06
2.50 3.4114e-06
3.75 3.4472e-06
4.00 3.4104e-06
4.50 3.4419e-06
2.75 3.4473e-06
3.50 3.4129e-06
3.50 3.4053e-06
3.00 3.4552e-06
4.00 3.4285e-06
3.00 3.4625e-06
3.75 3.4090e-06
3.25 3.4435e-06
2.75 3.4077e-06
4.25 3.4135e-06
2.50 3.3968e-06
4.50 3.4023e-06
2.75 3.4537e-06
3.75 3.4417e-06
3.00 3.3948e-06
3.50 3.4141e-06
4.00 3.4307e-06
3.50 3.4090e-06
4.50 3.3646e-06
3.00 3.4246e-06
4.00 3.4449e-06
2.75 3.4350e-06
3.75 3.4386e-06
3.25 3.4282e-06
2.50 3.4482e-06
2.75 3.3859e-06
4.25 3.4400e-06
3.00 3.4293e-06
4.50 3.4087e-06
3.75 3.4065e-06
3.50 3.4178e-06
2.50 3.3966e-06
3.00 3.4270e-06
2.75 3.3842e-06
4.00 3.4135e-06
3.50 3.3904e-06
3.25 3.3977e-06
4.00 3.4413e-06
4.50 3.3396e-06
2.75 3.3818e-06
3.75 3.3896e-06
3.00 3.4556e-06
2.50 3.4057e-06
2.75 3.4219e-06
3.50 3.4132e-06
3.75 3.4224e-06
3.00 3.4285e-06
4.25 3.4289e-06
4.50 3.4142e-06
2.75 3.3741e-06
3.50 3.3839e-06
3.25 3.4427e-06
4.00 3.4325e-06
3.75 3.4272e-06
4.00 3.4202e-06
2.50 3.3224e-06
4.50 3.4084e-06
2.75 3.4596e-06
3.00 3.4487e-06
3.00 3.4274e-06
3.50 3.4163e-06
2.75 3.4631e-06
3.75 3.4457e-06
3.25 3.4118e-06
3.50 3.4473e-06
2.50 3.3337e-06
4.00 3.4140e-06
4.25 3.4048e-06
4.50 3.4449e-06
2.75 3.4504e-06
3.00 3.4456e-06
4.00 3.4104e-06
3.75 3.4613e-06
2.75 3.4220e-06
3.00 3.4203e-06
4.50 3.4317e-06
2.50 3.3792e-06
3.50 3.4099e-06
3.25 3.4430e-06
3.50 3.4159e-06
3.75 3.4310e-06
2.75 3.4171e-06
3.00 3.4210e-06
4.00 3.4435e-06
2.75 3.3929e-06
4.25 3.4084e-06
4.50 3.4585e-06
2.50 3.3443e-06
3.00 3.4205e-06
3.75 3.4493e-06
4.00 3.4280e-06
3.25 3.3908e-06
2.75 3.4667e-06
3.50 3.4465e-06
4.50 3.4525e-06
3.50 3.4752e-06
3.00 3.4192e-06
3.75 3.3681e-06
2.75 3.3701e-06
2.50 3.4690e-06
4.00 3.4614e-06
3.00 3.4465e-06
4.25 3.4672e-06
2.75 3.4189e-06
3.25 3.4125e-06
3.75 3.4152e-06
4.00 3.3781e-06
3.50 3.4064e-06
4.50 3.3950e-06
3.50 3.4115e-06
3.00 3.3844e-06
2.50 3.3900e-06
2.75 3.3973e-06
4.50 3.4127e-06
3.75 3.4009e-06
3.00 3.4384e-06
4.00 3.3872e-06
2.75 3.3581e-06
3.25 3.4372e-06
3.50 3.4464e-06
3.75 3.4453e-06
4.25 3.4292e-06
3.25 3.3989e-06
2.75 3.4601e-06
3.50 3.4839e-06
4.25 3.3759e-06
4.50 3.4449e-06
3.00 3.3945e-06
3.75 3.3838e-06
2.75 3.4351e-06
4.50 3.4374e-06
4.75 3.3788e-06
3.25 3.3758e-06
4.00 3.3906e-06
2.75 3.4638e-06
3.50 3.4029e-06
3.25 3.3895e-06
3.75 3.4296e-06
3.50 3.3843e-06
4.25 3.4190e-06
2.75 3.4185e-06
3.00 3.3814e-06
4.25 3.4425e-06
4.50 3.3996e-06
3.75 3.4582e-06
3.25 3.3997e-06
2.75 3.4273e-06
3.25 3.4235e-06
4.50 3.4294e-06
3.50 3.3502e-06
4.00 3.4677e-06
3.75 3.3630e-06
3.00 3.4637e-06
4.75 3.4698e-06
2.75 3.4489e-06
3.50 3.4426e-06
4.25 3.4390e-06
3.25 3.4131e-06
2.75 3.4448e-06
4.25 3.4286e-06
3.75 3.4240e-06
3.25 3.4039e-06
4.50 3.4373e-06
2.75 3.4209e-06
3.00 3.4034e-06
3.50 3.4078e-06
3.75 3.4279e-06
4.00 3.4157e-06
4.50 3.4441e-06
3.50 3.4582e-06
2.75 3.4240e-06
4.75 3.4279e-06
3.25 3.4723e-06
4.25 3.4035e-06
3.25 3.4174e-06
3.75 3.3937e-06
2.75 3.4509e-06
3.00 3.4440e-06
4.25 3.4147e-06
3.50 3.4239e-06
4.50 3.4102e-06
2.75 3.4235e-06
3.50 3.4034e-06
4.00 3.4079e-06
3.75 3.4211e-06
3.25 3.4065e-06
4.50 3.3850e-06
2.75 3.3994e-06
3.00 3.4320e-06
3.25 3.4008e-06
4.75 3.4115e-06
3.75 3.3877e-06
4.25 3.4170e-06
4.25 3.4179e-06
3.50 3.4639e-06
3.75 3.4020e-06
3.50 3.4565e-06
2.75 3.4241e-06
4.00 3.4296e-06
3.25 3.4289e-06
4.50 3.4267e-06
3.00 3.3802e-06
4.75 3.4666e-06
3.25 3.3901e-06
4.50 3.4422e-06
3.75 3.3826e-06
3.50 3.4153e-06
2.75 3.4565e-06
4.75 3.4011e-06
4.25 3.4329e-06
3.50 3.4479e-06
4.25 3.3981e-06
3.75 3.4182e-06
3.25 3.4498e-06
3.00 3.4277e-06
4.00 3.4035e-06
3.25 3.4630e-06
4.50 3.4436e-06
3.50 3.4335e-06
2.75 3.4450e-06
3.75 3.4789e-06
4.75 3.3531e-06
4.50 3.4643e-06
3.00 3.4046e-06
3.50 3.4426e-06
3.25 3.4051e-06
4.25 3.4106e-06
3.75 3.4530e-06
4.25 3.3736e-06
4.75 3.4314e-06
4.00 3.4345e-06
3.25 3.4114e-06
2.75 3.4344e-06
3.50 3.4065e-06
3.00 3.4321e-06
3.75 3.4496e-06
4.50 3.4325e-06
3.25 3.4051e-06
3.50 3.4055e-06
4.50 3.4407e-06
4.75 3.4190e-06
3.75 3.3916e-06
2.75 3.4229e-06
4.25 3.4178e-06
3.25 3.4800e-06
4.25 3.4312e-06
3.00 3.3945e-06
4.00 3.4152e-06
3.50 3.4498e-06
4.75 3.4200e-06
3.25 3.4094e-06
3.50 3.4132e-06
3.75 3.4236e-06
3.75 3.4284e-06
4.50 3.3789e-06
4.50 3.4158e-06
3.00 3.4106e-06
3.25 3.4066e-06
4.75 3.4340e-06
4.25 3.4139e-06
3.50 3.3851e-06
4.25 3.4383e-06
5.00 3.4237e-06
4.00 3.4576e-06
3.25 3.4165e-06
3.50 3.4440e-06
4.75 3.4438e-06
3.75 3.4149e-06
3.75 3.4488e-06
3.25 3.4885e-06
3.00 3.4349e-06
4.50 3.4054e-06
4.50 3.4393e-06
3.50 3.4314e-06
4.25 3.4432e-06
3.25 3.4163e-06
4.75 3.4324e-06
4.00 3.4056e-06
4.25 3.4650e-06
3.50 3.4361e-06
5.00 3.4357e-06
3.75 3.4272e-06
3.00 3.4219e-06
3.25 3.4195e-06
3.75 3.4419e-06
4.75 3.4274e-06
3.50 3.4616e-06
3.25 3.4173e-06
4.50 3.3849e-06
4.50 3.4302e-06
4.00 3.4153e-06
4.25 3.4184e-06
3.50 3.3707e-06
3.00 3.4007e-06
4.25 3.3904e-06
4.75 3.4371e-06
3.25 3.4484e-06
3.75 3.4172e-06
3.75 3.4309e-06
3.50 3.4584e-06
3.25 3.4509e-06
5.00 3.4262e-06
4.75 3.4525e-06
3.50 3.3902e-06
3.00 3.3975e-06
4.00 3.4365e-06
4.25 3.4496e-06
4.50 3.4094e-06
4.50 3.3530e-06
3.25 3.4635e-06
4.75 3.4041e-06
3.75 3.4334e-06
4.25 3.4151e-06
3.25 3.4072e-06
3.50 3.4227e-06
3.75 3.4093e-06
3.00 3.4731e-06
3.50 3.3736e-06
3.25 3.3973e-06
5.00 3.4039e-06
4.00 3.4265e-06
4.75 3.4606e-06
4.25 3.3734e-06
4.50 3.4217e-06
4.50 3.4127e-06
3.75 3.4133e-06
3.25 3.4258e-06
3.50 3.4480e-06
4.25 3.4263e-06
3.00 3.3952e-06
3.75 3.4262e-06
4.75 3.4288e-06
3.50 3.4515e-06
3.25 3.4550e-06
4.00 3.4041e-06
5.00 3.4053e-06
3.25 3.3538e-06
4.50 3.4201e-06
3.50 3.4317e-06
3.75 3.4446e-06
4.25 3.3415e-06
4.50 3.3964e-06
3.75 3.3768e-06
4.75 3.3789e-06
4.25 3.4426e-06
3.50 3.4159e-06
3.25 3.4417e-06
4.75 3.3930e-06
5.25 3.4232e-06
4.00 3.4097e-06
3.25 3.3462e-06
3.50 3.3485e-06
3.75 3.4445e-06
4.25 3.4116e-06
4.00 3.3789e-06
4.50 3.4440e-06
5.00 3.4176e-06
4.25 3.4523e-06
3.25 3.4555e-06
4.50 3.4012e-06
3.50 3.4016e-06
4.75 3.3763e-06
3.25 3.3978e-06
4.00 3.4687e-06
5.00 3.4183e-06
3.50 3.4341e-06
3.75 3.3986e-06
5.25 3.4581e-06
3.25 3.4041e-06
4.00 3.3934e-06
4.25 3.4373e-06
4.50 3.4189e-06
3.50 3.3910e-06
4.25 3.3980e-06
3.25 3.4246e-06
4.50 3.3858e-06
5.00 3.4163e-06
4.75 3.4641e-06
3.75 3.3953e-06
3.50 3.4240e-06
4.00 3.4072e-06
5.00 3.4190e-06
4.00 3.4274e-06
3.50 3.3835e-06
3.25 3.4637e-06
5.25 3.4109e-06
4.25 3.4658e-06
4.50 3.4639e-06
4.25 3.4467e-06
5.25 3.4347e-06
3.50 3.4034e-06
4.50 3.4696e-06
3.75 3.4763e-06
5.00 3.4083e-06
4.75 3.4257e-06
4.00 3.4219e-06
3.25 3.4009e-06
4.00 3.4140e-06
3.50 3.4764e-06
5.00 3.4234e-06
3.50 3.4187e-06
4.25 3.4120e-06
4.50 3.3486e-06
4.25 3.4009e-06
5.25 3.4547e-06
3.75 3.4152e-06
4.00 3.4356e-06
4.50 3.4265e-06
3.25 3.4474e-06
4.75 3.3952e-06
5.25 3.4274e-06
5.00 3.4444e-06
3.50 3.4540e-06
4.00 3.4174e-06
3.50 3.4540e-06
4.25 3.4377e-06
5.00 3.4140e-06
3.75 3.4134e-06
4.25 3.4345e-06
3.25 3.4044e-06
4.50 3.4260e-06
4.00 3.4040e-06
3.50 3.4246e-06
5.25 3.3902e-06
4.50 3.4252e-06
4.75 3.4004e-06
5.00 3.4085e-06
5.25 3.4354e-06
4.00 3.3913e-06
3.50 3.3994e-06
3.25 3.4442e-06
3.75 3.4265e-06
4.25 3.4200e-06
3.50 3.4272e-06
4.25 3.4098e-06
4.50 3.4257e-06
5.00 3.4342e-06
4.00 3.4128e-06
4.50 3.4045e-06
3.50 3.4320e-06
4.00 3.3720e-06
3.25 3.3724e-06
5.25 3.4474e-06
4.75 3.3893e-06
5.00 3.4198e-06
3.75 3.4055e-06
3.50 3.4228e-06
5.25 3.4142e-06
4.25 3.4506e-06
4.25 3.4216e-06
4.50 3.4258e-06
4.00 3.4234e-06
3.25 3.4346e-06
3.50 3.4485e-06
5.00 3.4134e-06
4.50 3.4245e-06
4.00 3.4421e-06
3.75 3.4448e-06
3.50 3.4186e-06
4.75 3.4361e-06
5.00 3.4185e-06
5.25 3.4056e-06
4.25 3.3824e-06
4.25 3.4580e-06
5.25 3.4483e-06
3.50 3.4421e-06
4.00 3.4107e-06
4.50 3.4241e-06
3.75 3.4091e-06
4.00 3.4232e-06
4.50 3.4214e-06
3.50 3.4279e-06
5.00 3.3819e-06
5.50 3.4468e-06
4.25 3.4409e-06
4.75 3.4120e-06
4.00 3.4178e-06
5.00 3.4068e-06
5.25 3.4262e-06
3.50 3.4294e-06
4.25 3.4298e-06
3.75 3.4593e-06
4.00 3.4622e-06
5.25 3.3923e-06
4.50 3.4005e-06
3.50 3.4086e-06
4.50 3.4368e-06
5.00 3.4413e-06
4.25 3.4772e-06
3.50 3.4129e-06
5.50 3.4318e-06
4.00 3.4189e-06
3.75 3.4019e-06
3.50 3.4501e-06
4.75 3.4492e-06
5.00 3.3843e-06
4.25 3.3735e-06
4.00 3.3939e-06
5.25 3.4442e-06
4.50 3.4332e-06
5.25 3.4480e-06
4.50 3.4219e-06
3.50 3.4195e-06
4.00 3.4368e-06
4.25 3.4341e-06
5.00 3.4315e-06
3.50 3.4328e-06
3.75 3.4137e-06
4.00 3.4277e-06
5.50 3.4493e-06
4.25 3.4058e-06
5.00 3.4184e-06
4.75 3.4122e-06
4.50 3.3921e-06
3.50 3.3703e-06
5.25 3.4242e-06
4.50 3.4405e-06
4.00 3.4162e-06
5.25 3.4496e-06
3.50 3.3979e-06
3.75 3.4383e-06
4.25 3.4205e-06
5.00 3.4874e-06
4.00 3.3955e-06
4.25 3.3858e-06
3.75 3.3866e-06
5.00 3.4416e-06
5.50 3.4116e-06
4.75 3.4208e-06
3.75 3.4411e-06
4.75 3.3816e-06
4.50 3.4455e-06
4.00 3.4567e-06
4.25 3.4461e-06
5.25 3.3966e-06
5.50 3.4168e-06
5.25 3.4443e-06
4.00 3.4454e-06
5.00 3.4005e-06
3.75 3.3928e-06
4.25 3.4121e-06
3.75 3.4006e-06
5.00 3.4186e-06
4.00 3.4048e-06
4.75 3.4401e-06
5.50 3.4587e-06
4.75 3.4165e-06
4.25 3.4273e-06
4.50 3.4232e-06
4.00 3.4507e-06
5.25 3.3529e-06
3.75 3.4293e-06
5.25 3.4188e-06
5.50 3.4061e-06
4.25 3.4087e-06
3.75 3.4156e-06
5.00 3.4092e-06
4.00 3.3423e-06
5.00 3.4329e-06
4.25 3.3421e-06
4.75 3.4210e-06
4.50 3.3848e-06
4.75 3.4259e-06
4.00 3.4089e-06
5.50 3.4495e-06
5.25 3.3795e-06
3.75 3.4752e-06
4.25 3.3898e-06
5.25 3.4365e-06
4.00 3.4125e-06
5.00 3.3727e-06
5.50 3.4266e-06
5.75 3.4650e-06
4.25 3.4213e-06
5.00 3.3772e-06
4.50 3.4376e-06
4.00 3.4562e-06
4.75 3.3995e-06
4.75 3.4166e-06
3.75 3.4088e-06
5.50 3.3926e-06
4.25 3.3986e-06
4.00 3.4353e-06
5.25 3.4137e-06
5.25 3.4411e-06
5.00 3.4256e-06
4.25 3.4234e-06
4.00 3.4483e-06
4.50 3.4205e-06
5.50 3.4103e-06
5.75 3.4105e-06
5.00 3.3452e-06
3.75 3.4298e-06
4.75 3.4106e-06
4.75 3.4249e-06
4.25 3.3850e-06
4.00 3.4599e-06
5.50 3.3791e-06
5.25 3.3505e-06
5.25 3.4307e-06
4.00 3.4404e-06
4.50 3.3994e-06
4.25 3.4491e-06
3.75 3.4363e-06
5.00 3.4635e-06
4.75 3.4647e-06
5.00 3.4125e-06
5.75 3.3859e-06
4.75 3.4094e-06
4.00 3.4074e-06
5.75 3.4115e-06
4.25 3.4695e-06
4.00 3.4086e-06
4.50 3.4197e-06
3.75 3.4109e-06
4.25 3.4135e-06
5.50 3.4499e-06
5.25 3.4222e-06
5.25 3.4025e-06
5.00 3.4009e-06
4.00 3.4360e-06
4.75 3.4231e-06
4.75 3.3786e-06
5.00 3.4340e-06
4.25 3.4229e-06
4.00 3.4205e-06
5.75 3.3965e-06
3.75 3.4073e-06
5.75 3.4305e-06
4.50 3.3972e-06
4.25 3.4515e-06
4.00 3.4114e-06
5.50 3.3769e-06
5.25 3.3956e-06
5.25 3.4420e-06
4.75 3.4042e-06
5.00 3.4496e-06
4.25 3.4309e-06
4.00 3.4527e-06
4.75 3.4378e-06
5.00 3.4435e-06
3.75 3.4174e-06
4.50 3.4402e-06
4.25 3.3460e-06
5.75 3.4296e-06
4.00 3.4475e-06
5.75 3.3984e-06
4.25 3.4060e-06
4.00 3.4276e-06
5.50 3.4009e-06
5.25 3.4166e-06
5.25 3.3710e-06
4.75 3.4388e-06
5.00 3.3918e-06
4.75 3.4365e-06
5.00 3.4204e-06
4.00 3.3842e-06
4.50 3.4103e-06
4.25 3.4252e-06
6.00 3.3974e-06
4.25 3.4260e-06
4.00 3.3711e-06
5.75 3.4160e-06
5.75 3.4273e-06
5.25 3.4230e-06
5.50 3.4203e-06
5.25 3.4775e-06
5.00 3.3853e-06
4.75 3.4063e-06
4.75 3.4859e-06
5.00 3.4352e-06
4.00 3.4355e-06
4.25 3.4267e-06
4.50 3.4591e-06
4.25 3.4186e-06
6.00 3.4141e-06
4.00 3.3969e-06
5.75 3.4409e-06
4.00 3.4696e-06
5.25 3.4604e-06
4.75 3.3914e-06
5.00 3.4051e-06
5.75 3.4289e-06
4.75 3.4189e-06
5.25 3.4269e-06
5.50 3.3979e-06
4.25 3.4411e-06
5.00 3.4119e-06
4.50 3.4174e-06
4.25 3.4409e-06
4.00 3.4462e-06
6.00 3.4378e-06
6.00 3.3534e-06
4.25 3.4322e-06
4.75 3.4097e-06
5.25 3.3651e-06
5.75 3.4193e-06
5.00 3.4434e-06
5.00 3.4261e-06
5.50 3.4439e-06
4.75 3.4262e-06
4.50 3.4113e-06
4.25 3.4168e-06
5.75 3.3962e-06
5.25 3.3883e-06
4.00 3.4239e-06
4.25 3.4105e-06
6.00 3.4450e-06
4.25 3.4414e-06
6.00 3.4518e-06
4.75 3.4101e-06
5.00 3.3839e-06
4.50 3.4449e-06
4.75 3.4061e-06
5.00 3.4394e-06
5.50 3.3957e-06
5.25 3.4287e-06
5.25 3.4060e-06
5.75 3.3880e-06
4.00 3.4438e-06
5.75 3.3799e-06
4.25 3.4206e-06
4.25 3.4469e-06
4.75 3.4318e-06
4.50 3.4206e-06
4.00 3.4274e-06
4.75 3.4067e-06
5.00 3.4442e-06
5.00 3.4191e-06
5.25 3.4252e-06
6.00 3.4272e-06
6.00 3.4381e-06
5.50 3.4522e-06
5.25 3.4307e-06
5.75 3.4138e-06
5.75 3.4440e-06
4.25 3.3987e-06
4.25 3.3823e-06
4.50 3.4050e-06
4.75 3.4102e-06
4.75 3.4570e-06
5.25 3.4507e-06
5.00 3.4616e-06
5.00 3.3863e-06
5.50 3.4141e-06
5.25 3.4297e-06
6.25 3.4571e-06
6.00 3.3837e-06
6.00 3.4473e-06
4.25 3.3752e-06
4.50 3.4221e-06
5.75 3.4347e-06
5.75 3.3756e-06
4.50 3.4131e-06
4.75 3.4347e-06
5.00 3.3517e-06
5.25 3.4215e-06
4.75 3.3941e-06
5.00 3.4456e-06
5.50 3.4227e-06
4.25 3.4638e-06
5.25 3.4496e-06
4.50 3.4522e-06
5.75 3.4098e-06
6.00 3.3909e-06
6.00 3.4251e-06
6.25 3.4006e-06
4.50 3.4262e-06
5.75 3.4804e-06
4.75 3.4096e-06
4.75 3.4464e-06
5.25 3.3966e-06
5.00 3.3916e-06
5.00 3.4159e-06
4.25 3.4274e-06
4.50 3.4297e-06
5.50 3.4373e-06
5.25 3.4289e-06
4.50 3.4210e-06
5.75 3.4288e-06
6.00 3.3865e-06
6.00 3.4410e-06
4.75 3.4372e-06
6.25 3.3766e-06
5.75 3.4073e-06
4.75 3.3938e-06
5.25 3.4292e-06
5.00 3.4121e-06
5.00 3.4350e-06
4.25 3.3975e-06
4.50 3.4164e-06
5.50 3.4320e-06
5.25 3.4568e-06
4.50 3.4052e-06
4.75 3.3698e-06
5.75 3.3944e-06
6.00 3.4294e-06
4.75 3.4395e-06
4.25 3.3925e-06
6.00 3.4153e-06
5.00 3.4390e-06
6.25 3.4416e-06
5.00 3.4216e-06
5.25 3.4037e-06
5.75 3.4042e-06
4.50 3.4101e-06
4.50 3.4425e-06
5.50 3.3959e-06
5.25 3.4582e-06
4.75 3.3455e-06
4.75 3.4049e-06
5.75 3.3479e-06
5.00 3.3482e-06
4.50 3.4013e-06
5.00 3.4091e-06
6.00 3.4234e-06
5.75 3.3635e-06
6.00 3.3561e-06
6.25 3.3793e-06
6.50 3.3974e-06
5.50 3.3852e-06
4.50 3.4088e-06
5.50 3.3995e-06
5.25 3.3774e-06
4.75 3.4100e-06
4.75 3.4292e-06
4.50 3.3806e-06
5.00 3.4354e-06
5.00 3.4210e-06
5.75 3.4340e-06
4.50 3.4160e-06
6.00 3.4078e-06
5.75 3.4188e-06
6.00 3.4179e-06
5.50 3.4001e-06
6.25 3.3987e-06
6.50 3.4375e-06
4.75 3.4321e-06
5.50 3.4630e-06
5.25 3.3777e-06
4.75 3.4374e-06
4.50 3.4390e-06
5.00 3.3794e-06
5.00 3.3950e-06
4.50 3.4271e-06
5.75 3.4333e-06
6.00 3.4219e-06
5.50 3.4251e-06
6.00 3.3905e-06
5.75 3.4728e-06
4.75 3.4460e-06
6.25 3.4101e-06
4.75 3.4268e-06
5.50 3.4160e-06
5.25 3.4402e-06
6.50 3.4107e-06
5.00 3.4209e-06
4.50 3.4126e-06
5.00 3.4745e-06
6.50 3.4245e-06
4.75 3.4167e-06
5.50 3.4159e-06
5.75 3.4311e-06
4.75 3.3788e-06
5.75 3.4152e-06
6.00 3.3784e-06
6.00 3.4398e-06
4.50 3.4098e-06
5.25 3.3795e-06
6.25 3.3886e-06
5.50 3.4159e-06
5.00 3.4196e-06
5.00 3.4258e-06
6.50 3.4407e-06
4.75 3.4411e-06
4.75 3.3552e-06
6.50 3.4258e-06
5.50 3.4400e-06
5.75 3.4294e-06
4.50 3.4063e-06
5.75 3.4547e-06
5.00 3.4110e-06
6.00 3.4610e-06
6.00 3.4329e-06
5.00 3.4613e-06
5.25 3.4003e-06
5.50 3.4361e-06
6.25 3.4378e-06
4.75 3.4147e-06
6.50 3.4202e-06
4.75 3.3884e-06
4.50 3.4420e-06
5.50 3.4140e-06
5.00 3.3681e-06
5.00 3.4065e-06
5.75 3.4310e-06
6.50 3.3920e-06
5.25 3.4117e-06
5.75 3.3915e-06
6.00 3.4312e-06
5.50 3.4055e-06
6.00 3.4535e-06
4.75 3.4430e-06
6.25 3.3941e-06
4.75 3.4105e-06
4.50 3.4163e-06
5.00 3.4404e-06
5.00 3.4232e-06
6.50 3.3828e-06
5.50 3.3817e-06
5.75 3.4373e-06
5.25 3.3948e-06
4.75 3.3895e-06
6.50 3.4069e-06
5.75 3.4515e-06
5.50 3.4252e-06
6.00 3.4066e-06
6.00 3.3798e-06
4.75 3.4147e-06
6.25 3.4434e-06
5.00 3.4335e-06
6.75 3.3783e-06
5.00 3.4321e-06
5.50 3.4438e-06
5.25 3.4414e-06
4.75 3.4415e-06
6.50 3.4393e-06
5.75 3.4533e-06
5.50 3.4313e-06
4.75 3.4041e-06
5.75 3.4111e-06
6.00 3.4401e-06
6.50 3.4137e-06
6.00 3.4076e-06
5.00 3.4464e-06
6.25 3.4160e-06
5.00 3.4359e-06
5.50 3.4288e-06
6.75 3.3667e-06
5.25 3.4062e-06
4.75 3.4583e-06
4.75 3.4018e-06
5.75 3.3711e-06
5.50 3.4027e-06
6.50 3.4244e-06
5.75 3.4333e-06
6.00 3.4181e-06
5.00 3.4259e-06
6.00 3.4531e-06
6.50 3.4308e-06
5.00 3.4205e-06
4.75 3.4391e-06
5.50 3.4836e-06
6.25 3.4206e-06
5.25 3.4555e-06
6.75 3.4047e-06
5.50 3.3884e-06
5.75 3.4511e-06
6.75 3.4362e-06
5.00 3.4412e-06
6.50 3.4706e-06
5.75 3.4457e-06
6.00 3.4492e-06
5.00 3.4031e-06
6.00 3.4321e-06
4.75 3.4190e-06
6.50 3.4203e-06
5.50 3.4151e-06
5.25 3.4137e-06
6.25 3.4358e-06
5.50 3.4193e-06
5.00 3.4584e-06
5.75 3.4424e-06
6.75 3.4205e-06
5.00 3.4275e-06
4.75 3.4267e-06
6.50 3.4225e-06
5.75 3.4279e-06
6.00 3.4147e-06
6.75 3.4166e-06
6.00 3.4544e-06
5.50 3.4067e-06
5.25 3.4245e-06
6.50 3.4322e-06
5.00 3.3767e-06
5.50 3.4355e-06
6.25 3.4282e-06
4.75 3.4344e-06
5.00 3.3868e-06
5.75 3.4439e-06
5.75 3.3862e-06
6.50 3.4094e-06
6.00 3.4004e-06
6.75 3.4257e-06
5.50 3.3677e-06
5.25 3.4372e-06
6.00 3.4179e-06
6.75 3.3825e-06
5.00 3.3744e-06
5.50 3.4056e-06
6.50 3.4043e-06
4.75 3.3544e-06
5.25 3.3877e-06
6.25 3.4005e-06
5.75 3.4205e-06
5.75 3.3862e-06
5.25 3.4294e-06
6.00 3.4283e-06
5.50 3.4144e-06
6.00 3.4528e-06
6.50 3.3694e-06
6.75 3.4131e-06
5.00 3.4609e-06
4.75 3.4215e-06
6.75 3.4174e-06
5.50 3.4264e-06
5.25 3.3982e-06
6.50 3.3552e-06
5.75 3.4397e-06
6.25 3.4054e-06
5.75 3.3872e-06
5.25 3.4045e-06
6.00 3.4331e-06
5.50 3.4574e-06
6.00 3.4450e-06
4.75 3.4243e-06
5.00 3.4247e-06
6.50 3.4163e-06
6.75 3.4157e-06
5.50 3.3996e-06
5.25 3.4228e-06
6.75 3.4198e-06
6.50 3.4398e-06
5.25 3.4016e-06
4.75 3.4407e-06
5.75 3.4152e-06
5.75 3.4342e-06
5.00 3.3949e-06
5.50 3.4165e-06
6.25 3.4604e-06
6.25 3.4172e-06
6.00 3.3981e-06
5.50 3.3455e-06
5.25 3.4127e-06
6.50 3.4624e-06
6.75 3.3914e-06
6.75 3.4095e-06
4.75 3.4168e-06
5.25 3.4158e-06
5.00 3.4007e-06
6.50 3.4334e-06
5.50 3.4605e-06
5.75 3.4294e-06
5.75 3.3567e-06
6.25 3.4140e-06
6.25 3.4014e-06
5.25 3.4333e-06
6.00 3.3777e-06
5.50 3.4247e-06
6.50 3.4114e-06
6.75 3.4604e-06
5.00 3.3947e-06
5.25 3.4122e-06
5.50 3.3971e-06
6.75 3.4452e-06
5.75 3.4105e-06
7.00 3.4044e-06
6.50 3.4419e-06
5.75 3.4161e-06
5.25 3.4173e-06
6.25 3.4376e-06
6.25 3.4133e-06
5.50 3.4329e-06
6.00 3.4290e-06
5.00 3.4366e-06
5.25 3.4142e-06
6.75 3.4416e-06
6.50 3.4501e-06
5.50 3.4484e-06
5.75 3.4397e-06
6.75 3.4434e-06
5.25 3.3846e-06
5.75 3.3924e-06
6.50 3.4280e-06
7.00 3.4110e-06
5.50 3.4286e-06
6.00 3.3795e-06
6.25 3.4118e-06
6.25 3.4364e-06
5.00 3.4094e-06
5.25 3.4418e-06
5.50 3.4084e-06
6.75 3.3943e-06
6.50 3.4241e-06
5.25 3.4407e-06
5.75 3.3757e-06
5.50 3.4330e-06
5.75 3.4112e-06
6.75 3.3893e-06
5.00 3.4461e-06
6.50 3.4387e-06
6.00 3.3982e-06
6.25 3.4041e-06
6.25 3.4389e-06
7.00 3.3882e-06
5.25 3.4051e-06
5.50 3.4347e-06
5.25 3.4299e-06
5.75 3.4594e-06
5.50 3.4296e-06
6.75 3.4123e-06
6.50 3.4551e-06
5.75 3.4214e-06
5.00 3.4156e-06
6.00 3.4060e-06
6.50 3.4498e-06
6.75 3.4364e-06
5.25 3.4187e-06
6.25 3.4206e-06
6.25 3.4408e-06
5.50 3.4430e-06
7.00 3.4406e-06
5.25 3.4918e-06
5.50 3.4322e-06
5.75 3.4444e-06
5.75 3.4569e-06
6.75 3.4530e-06
6.50 3.4096e-06
6.00 3.3868e-06
5.25 3.4233e-06
7.25 3.3820e-06
6.75 3.4227e-06
5.50 3.4272e-06
6.50 3.4410e-06
6.25 3.3876e-06
6.25 3.4289e-06
5.25 3.4035e-06
7.00 3.4041e-06
5.50 3.4507e-06
5.75 3.3766e-06
5.75 3.4103e-06
5.25 3.3991e-06
6.50 3.4260e-06
6.75 3.4298e-06
6.00 3.4404e-06
5.50 3.3969e-06
6.25 3.4413e-06
6.25 3.3942e-06
5.25 3.4122e-06
6.50 3.3436e-06
6.75 3.4583e-06
7.25 3.4299e-06
5.50 3.3831e-06
5.75 3.4061e-06
5.75 3.4473e-06
7.00 3.4457e-06
5.25 3.3823e-06
6.50 3.4474e-06
6.00 3.3926e-06
6.75 3.4485e-06
5.50 3.3518e-06
5.25 3.3636e-06
6.25 3.4107e-06
6.25 3.3801e-06
6.50 3.4384e-06
6.75 3.4186e-06
5.50 3.4498e-06
7.25 3.3857e-06
5.75 3.4485e-06
5.25 3.4105e-06
5.75 3.4206e-06
7.00 3.4314e-06
6.00 3.4462e-06
6.50 3.4239e-06
5.50 3.3864e-06
6.75 3.4145e-06
7.25 3.4300e-06
5.50 3.4495e-06
6.25 3.4768e-06
6.25 3.4105e-06
6.75 3.3865e-06
6.50 3.4352e-06
5.25 3.4383e-06
5.75 3.4341e-06
5.75 3.4545e-06
7.25 3.4530e-06
5.50 3.4128e-06
6.00 3.4172e-06
7.00 3.4143e-06
6.75 3.4461e-06
6.50 3.3774e-06
5.50 3.4472e-06
6.25 3.4280e-06
6.25 3.4225e-06
5.25 3.4078e-06
7.25 3.4156e-06
6.50 3.4479e-06
5.75 3.4519e-06
6.75 3.4297e-06
5.75 3.4150e-06
5.50 3.4293e-06
6.00 3.4189e-06
7.00 3.4324e-06
7.25 3.4216e-06
5.25 3.4216e-06
5.50 3.4157e-06
6.50 3.3608e-06
6.75 3.4510e-06
6.25 3.4052e-06
6.25 3.4263e-06
6.50 3.4265e-06
5.75 3.4065e-06
5.75 3.4026e-06
7.25 3.4238e-06
6.75 3.4058e-06
5.50 3.4079e-06
6.00 3.4368e-06
5.25 3.3758e-06
5.50 3.4442e-06
7.00 3.4314e-06
6.50 3.4002e-06
7.25 3.4085e-06
6.75 3.4040e-06
5.75 3.4567e-06
6.50 3.4344e-06
6.25 3.4231e-06
6.25 3.3659e-06
5.50 3.4395e-06
5.75 3.4325e-06
7.25 3.4084e-06
6.00 3.4312e-06
7.00 3.4222e-06
5.25 3.3423e-06
5.50 3.4423e-06
6.50 3.4165e-06
5.75 3.4498e-06
7.00 3.4021e-06
6.50 3.4262e-06
6.75 3.3851e-06
5.50 3.3734e-06
5.75 3.4324e-06
6.25 3.4023e-06
6.25 3.4140e-06
7.25 3.3721e-06
5.25 3.4200e-06
6.00 3.3961e-06
5.50 3.3570e-06
7.00 3.4001e-06
7.25 3.3644e-06
5.75 3.3929e-06
5.50 3.4699e-06
6.50 3.4196e-06
6.75 3.4422e-06
6.00 3.3882e-06
7.00 3.3890e-06
6.50 3.3687e-06
6.25 3.4667e-06
6.25 3.3456e-06
5.25 3.4358e-06
6.00 3.4025e-06
5.50 3.4182e-06
7.25 3.4219e-06
7.00 3.4367e-06
5.75 3.3763e-06
7.25 3.4366e-06
5.50 3.4349e-06
6.00 3.3991e-06
6.50 3.4136e-06
6.00 3.4619e-06
6.50 3.4132e-06
6.75 3.3817e-06
6.25 3.4398e-06
6.25 3.4122e-06
5.50 3.3906e-06
7.00 3.4480e-06
7.50 3.4147e-06
7.25 3.4664e-06
5.75 3.4478e-06
7.00 3.4127e-06
5.50 3.3908e-06
7.25 3.4259e-06
6.00 3.4351e-06
5.50 3.4076e-06
6.50 3.4211e-06
6.00 3.4125e-06
6.25 3.4536e-06
6.25 3.4352e-06
6.50 3.4238e-06
6.75 3.4039e-06
7.00 3.4090e-06
5.75 3.3858e-06
5.50 3.4055e-06
7.25 3.4058e-06
7.50 3.4210e-06
7.00 3.4419e-06
5.50 3.4213e-06
6.00 3.4130e-06
7.25 3.4432e-06
6.00 3.4131e-06
6.50 3.3875e-06
6.50 3.4313e-06
6.25 3.4216e-06
6.25 3.4393e-06
6.75 3.4141e-06
5.75 3.4017e-06
7.00 3.4109e-06
7.50 3.4228e-06
5.50 3.4564e-06
7.25 3.4471e-06
6.00 3.4411e-06
7.00 3.4209e-06
7.50 3.3957e-06
6.00 3.4323e-06
6.25 3.4550e-06
6.25 3.4289e-06
6.50 3.4637e-06
7.25 3.4326e-06
6.50 3.4403e-06
5.75 3.4091e-06
6.75 3.3899e-06
5.50 3.3685e-06
7.00 3.4286e-06
6.00 3.4182e-06
6.00 3.4064e-06
7.50 3.4229e-06
7.25 3.4232e-06
7.00 3.3789e-06
6.25 3.4378e-06
6.25 3.4115e-06
6.50 3.4429e-06
7.50 3.4541e-06
7.25 3.4349e-06
6.50 3.4458e-06
5.75 3.3869e-06
6.75 3.4438e-06
5.50 3.4325e-06
6.00 3.3827e-06
6.00 3.4214e-06
7.00 3.4137e-06
7.50 3.4405e-06
6.25 3.4279e-06
6.50 3.3943e-06
6.25 3.4441e-06
7.25 3.3986e-06
7.00 3.4341e-06
5.75 3.4384e-06
6.50 3.3895e-06
7.50 3.4403e-06
7.25 3.4562e-06
5.50 3.4216e-06
6.75 3.4026e-06
6.00 3.4439e-06
6.00 3.4287e-06
7.00 3.4221e-06
6.25 3.4501e-06
6.50 3.4100e-06
6.25 3.4406e-06
5.75 3.3922e-06
7.50 3.4012e-06
5.50 3.4525e-06
6.50 3.4407e-06
7.25 3.4117e-06
7.00 3.3794e-06
7.50 3.4090e-06
7.25 3.4427e-06
6.00 3.4300e-06
6.00 3.3920e-06
6.75 3.4267e-06
5.75 3.4481e-06
6.25 3.4252e-06
6.25 3.3521e-06
6.50 3.4589e-06
7.00 3.4257e-06
7.50 3.4220e-06
6.50 3.4183e-06
7.00 3.4563e-06
7.25 3.4320e-06
6.00 3.4826e-06
7.75 3.4202e-06
6.00 3.3822e-06
7.50 3.4085e-06
7.25 3.3349e-06
6.75 3.4254e-06
5.75 3.4207e-06
6.25 3.3793e-06
6.25 3.4497e-06
6.50 3.4257e-06
7.00 3.3973e-06
6.50 3.4488e-06
7.50 3.4541e-06
6.00 3.4180e-06
6.00 3.4161e-06
7.00 3.4234e-06
7.25 3.4556e-06
7.50 3.4535e-06
6.75 3.4144e-06
5.75 3.4190e-06
7.25 3.4420e-06
7.75 3.4295e-06
6.25 3.3550e-06
6.25 3.4312e-06
6.50 3.4498e-06
6.00 3.3986e-06
6.50 3.4162e-06
6.00 3.4295e-06
7.00 3.4097e-06
7.00 3.4082e-06
7.50 3.4626e-06
5.75 3.4403e-06
7.25 3.4081e-06
6.75 3.4335e-06
7.25 3.4286e-06
6.25 3.4000e-06
7.50 3.4283e-06
7.75 3.4144e-06
6.25 3.4483e-06
6.50 3.3967e-06
6.50 3.3882e-06
6.00 3.3646e-06
6.00 3.4236e-06
7.00 3.4175e-06
5.75 3.4304e-06
7.00 3.3709e-06
7.50 3.4158e-06
7.25 3.3805e-06
6.25 3.4161e-06
6.75 3.4326e-06
6.25 3.4306e-06
7.25 3.4460e-06
7.50 3.4414e-06
6.50 3.4409e-06
7.75 3.4266e-06
6.00 3.4193e-06
6.00 3.4261e-06
6.50 3.4283e-06
5.75 3.3911e-06
7.00 3.4308e-06
7.00 3.4196e-06
7.50 3.3869e-06
6.25 3.4220e-06
6.25 3.4378e-06
6.75 3.3995e-06
7.25 3.3731e-06
7.50 3.4160e-06
6.50 3.4615e-06
7.25 3.4256e-06
6.00 3.4013e-06
6.00 3.4775e-06
6.50 3.4039e-06
7.75 3.4293e-06
5.75 3.3989e-06
7.00 3.4105e-06
6.25 3.4066e-06
7.00 3.4616e-06
6.25 3.4271e-06
6.75 3.4091e-06
7.50 3.4298e-06
6.00 3.3509e-06
6.00 3.4141e-06
7.25 3.4068e-06
6.50 3.4032e-06
7.50 3.4623e-06
7.25 3.4363e-06
6.75 3.4196e-06
7.75 3.4152e-06
8.00 3.4042e-06
6.25 3.4197e-06
7.00 3.4284e-06
6.25 3.3634e-06
6.00 3.4486e-06
7.00 3.4083e-06
6.00 3.4379e-06
6.75 3.4519e-06
7.50 3.4105e-06
6.50 3.3845e-06
7.25 3.4255e-06
6.75 3.4018e-06
7.50 3.4468e-06
7.25 3.4156e-06
6.25 3.3858e-06
6.25 3.4138e-06
7.75 3.4125e-06
6.00 3.4189e-06
6.00 3.4334e-06
8.00 3.3816e-06
7.00 3.4092e-06
6.75 3.4101e-06
7.00 3.4454e-06
6.50 3.4428e-06
7.75 3.4288e-06
6.75 3.4372e-06
7.25 3.4209e-06
7.50 3.4056e-06
7.25 3.3838e-06
6.25 3.4639e-06
6.00 3.4365e-06
6.25 3.4213e-06
7.00 3.3578e-06
6.75 3.4126e-06
7.75 3.4458e-06
8.00 3.4448e-06
8.00 3.4205e-06
6.50 3.3785e-06
7.00 3.4240e-06
6.75 3.4112e-06
7.25 3.4162e-06
7.75 3.4019e-06
6.25 3.4417e-06
7.50 3.3899e-06
7.25 3.4116e-06
6.00 3.4310e-06
6.25 3.4375e-06
6.75 3.4543e-06
7.00 3.4360e-06
6.50 3.4021e-06
6.75 3.4398e-06
7.00 3.4526e-06
7.75 3.4091e-06
8.00 3.4253e-06
8.00 3.4687e-06
6.25 3.3978e-06
6.00 3.4373e-06
7.25 3.4198e-06
7.75 3.4344e-06
7.25 3.4165e-06
6.25 3.4310e-06
7.50 3.4367e-06
6.75 3.4183e-06
6.50 3.3817e-06
7.00 3.4265e-06
7.00 3.4128e-06
6.75 3.4231e-06
6.25 3.4049e-06
6.00 3.4452e-06
8.00 3.4078e-06
7.75 3.4221e-06
8.00 3.4387e-06
7.25 3.3924e-06
6.25 3.4561e-06
7.25 3.4465e-06
7.75 3.4055e-06
7.50 3.3728e-06
6.75 3.4222e-06
6.50 3.3924e-06
7.00 3.4420e-06
6.00 3.4439e-06
6.25 3.4536e-06
6.75 3.3814e-06
7.00 3.4246e-06
6.25 3.3828e-06
7.25 3.4580e-06
8.00 3.4300e-06
8.00 3.4492e-06
7.75 3.4286e-06
7.25 3.4428e-06
7.50 3.4066e-06
6.75 3.4212e-06
7.75 3.4342e-06
6.50 3.4447e-06
7.00 3.4245e-06
6.25 3.4298e-06
6.75 3.4380e-06
7.00 3.4516e-06
6.25 3.4393e-06
8.25 3.3976e-06
7.25 3.4440e-06
6.75 3.3969e-06
7.75 3.4098e-06
8.00 3.4192e-06
8.00 3.4424e-06
7.50 3.4282e-06
7.25 3.4373e-06
6.50 3.3965e-06
7.75 3.4247e-06
6.25 3.4554e-06
7.00 3.4370e-06
6.75 3.4192e-06
6.25 3.4192e-06
7.00 3.4083e-06
7.25 3.3926e-06
8.25 3.4113e-06
6.75 3.4127e-06
6.50 3.4221e-06
7.50 3.3850e-06
6.25 3.4073e-06
7.25 3.3959e-06
8.00 3.3958e-06
7.75 3.4420e-06
8.00 3.4436e-06
7.00 3.4463e-06
7.75 3.3741e-06
6.75 3.4626e-06
6.25 3.4499e-06
7.00 3.3835e-06
7.25 3.4079e-06
6.75 3.4185e-06
6.50 3.4243e-06
6.25 3.4479e-06
8.25 3.4569e-06
7.50 3.4313e-06
7.25 3.4330e-06
7.00 3.4449e-06
6.75 3.4263e-06
8.00 3.4110e-06
6.25 3.4164e-06
7.75 3.4381e-06
8.00 3.4384e-06
7.75 3.4335e-06
7.00 3.3735e-06
6.75 3.4326e-06
7.25 3.4525e-06
6.50 3.4165e-06
6.25 3.3954e-06
7.50 3.4047e-06
6.75 3.4060e-06
8.25 3.4611e-06
7.00 3.3398e-06
8.25 3.4267e-06
7.25 3.4510e-06
8.00 3.4382e-06
7.75 3.4062e-06
8.00 3.3212e-06
7.75 3.3917e-06
7.00 3.4082e-06
6.75 3.4197e-06
6.50 3.4316e-06
7.25 3.4291e-06
6.25 3.4284e-06
7.50 3.4215e-06
6.75 3.3731e-06
7.00 3.4421e-06
7.25 3.4642e-06
8.25 3.4504e-06
8.25 3.4417e-06
8.00 3.4445e-06
7.00 3.4239e-06
6.75 3.4276e-06
7.75 3.4128e-06
7.75 3.4520e-06
8.00 3.4488e-06
6.50 3.4290e-06
6.25 3.4064e-06
7.25 3.4395e-06
6.75 3.4175e-06
7.00 3.4267e-06
7.50 3.4316e-06
7.25 3.4143e-06
8.25 3.4176e-06
6.75 3.4063e-06
7.00 3.4239e-06
8.25 3.4192e-06
8.00 3.4100e-06
6.50 3.4001e-06
7.75 3.4239e-06
7.75 3.4142e-06
6.50 3.4157e-06
8.00 3.4235e-06
7.25 3.4166e-06
6.75 3.4651e-06
7.00 3.4418e-06
7.25 3.3815e-06
7.50 3.4138e-06
6.75 3.3574e-06
7.00 3.4137e-06
8.25 3.3960e-06
6.50 3.4037e-06
8.25 3.4490e-06
8.00 3.3814e-06
7.75 3.4037e-06
7.75 3.4314e-06
7.25 3.4499e-06
6.75 3.4072e-06
8.50 3.4222e-06
8.00 3.4416e-06
7.00 3.4288e-06
6.75 3.4374e-06
7.25 3.4304e-06
7.50 3.4359e-06
6.50 3.4602e-06
7.00 3.4214e-06
8.25 3.4356e-06
8.25 3.4425e-06
6.75 3.4448e-06
7.75 3.3720e-06
8.00 3.3721e-06
7.25 3.4476e-06
7.75 3.4176e-06
6.75 3.4316e-06
8.50 3.3613e-06
8.00 3.4270e-06
7.00 3.4364e-06
7.25 3.4102e-06
7.50 3.4336e-06
6.50 3.4118e-06
7.00 3.3942e-06
6.75 3.4222e-06
8.25 3.4334e-06
6.75 3.4412e-06
7.25 3.4081e-06
7.75 3.4232e-06
8.00 3.4129e-06
7.75 3.4198e-06
8.25 3.4081e-06
7.00 3.4149e-06
6.50 3.4108e-06
8.00 3.4192e-06
7.50 3.4152e-06
8.50 3.4538e-06
7.50 3.4095e-06
7.00 3.4600e-06
6.75 3.4565e-06
6.75 3.4287e-06
7.25 3.3922e-06
7.75 3.4658e-06
8.50 3.4289e-06
7.00 3.3801e-06
6.50 3.4511e-06
7.75 3.4065e-06
8.00 3.4265e-06
7.50 3.4003e-06
8.25 3.3888e-06
7.50 3.4079e-06
7.00 3.4402e-06
8.00 3.4189e-06
8.50 3.4061e-06
6.75 3.4114e-06
6.75 3.4344e-06
6.50 3.4076e-06
7.25 3.4378e-06
7.00 3.4096e-06
7.75 3.4030e-06
8.50 3.4074e-06
7.00 3.3908e-06
7.50 3.4514e-06
7.50 3.4338e-06
8.00 3.4245e-06
7.75 3.3663e-06
8.25 3.4378e-06
8.00 3.3898e-06
8.50 3.4246e-06
6.75 3.4193e-06
6.75 3.4488e-06
7.25 3.3736e-06
7.00 3.4179e-06
7.75 3.4465e-06
8.75 3.4317e-06
7.00 3.4115e-06
7.50 3.4061e-06
7.50 3.4110e-06
8.50 3.4391e-06
8.25 3.4145e-06
8.00 3.4241e-06
7.75 3.4388e-06
6.75 3.4464e-06
6.75 3.4443e-06
8.00 3.4122e-06
8.50 3.4281e-06
7.00 3.4177e-06
7.25 3.4062e-06
7.75 3.4193e-06
7.00 3.4507e-06
7.50 3.4368e-06
6.75 3.3365e-06
7.50 3.4162e-06
8.75 3.4218e-06
6.75 3.4132e-06
8.25 3.4083e-06
7.75 3.4228e-06
8.00 3.4205e-06
8.00 3.4144e-06
8.50 3.4208e-06
8.50 3.4176e-06
7.00 3.4426e-06
7.25 3.4164e-06
7.75 3.3972e-06
6.75 3.4405e-06
7.00 3.4295e-06
7.50 3.4239e-06
7.50 3.4295e-06
8.75 3.4160e-06
7.75 3.4404e-06
8.25 3.3978e-06
8.00 3.3988e-06
8.00 3.4233e-06
8.75 3.4430e-06
8.50 3.4423e-06
7.00 3.4421e-06
7.25 3.3884e-06
8.50 3.4303e-06
6.75 3.4322e-06
7.00 3.4439e-06
7.75 3.4109e-06
7.50 3.4117e-06
7.50 3.3758e-06
7.75 3.4299e-06
8.25 3.3842e-06
8.00 3.4227e-06
8.00 3.4464e-06
8.75 3.4100e-06
7.00 3.3962e-06
7.25 3.4358e-06
8.50 3.4234e-06
8.75 3.4445e-06
6.75 3.4487e-06
8.50 3.4423e-06
7.00 3.4155e-06
7.75 3.4359e-06
7.50 3.4329e-06
7.50 3.4254e-06
7.75 3.4398e-06
8.25 3.4319e-06
7.00 3.4372e-06
8.00 3.4415e-06
8.00 3.4413e-06
7.25 3.4018e-06
6.75 3.4246e-06
7.00 3.4605e-06
8.75 3.4277e-06
8.75 3.3307e-06
8.50 3.4110e-06
8.50 3.3829e-06
7.50 3.4281e-06
7.75 3.4489e-06
7.50 3.4309e-06
7.00 3.4259e-06
7.25 3.4223e-06
7.75 3.4439e-06
7.00 3.4489e-06
8.25 3.4083e-06
8.00 3.3962e-06
8.00 3.4097e-06
8.75 3.4418e-06
9.00 3.4206e-06
7.50 3.4510e-06
8.50 3.3853e-06
8.50 3.4398e-06
8.75 3.4402e-06
7.50 3.4021e-06
7.75 3.4079e-06
7.00 3.4653e-06
7.00 3.4103e-06
7.75 3.4365e-06
7.25 3.4316e-06
8.00 3.4109e-06
8.00 3.4323e-06
8.25 3.4228e-06
7.50 3.4135e-06
7.50 3.4249e-06
8.50 3.4121e-06
7.75 3.3817e-06
8.75 3.4145e-06
8.50 3.4323e-06
9.00 3.4434e-06
8.75 3.4245e-06
7.00 3.4129e-06
7.00 3.3892e-06
7.25 3.4092e-06
7.75 3.3228e-06
8.00 3.4608e-06
8.00 3.4567e-06
8.25 3.4288e-06
7.50 3.4054e-06
7.50 3.4190e-06
7.75 3.3706e-06
8.50 3.4524e-06
8.50 3.4254e-06
9.00 3.4418e-06
8.75 3.3845e-06
7.00 3.3802e-06
7.00 3.4411e-06
8.75 3.4413e-06
7.25 3.4313e-06
7.75 3.4407e-06
8.00 3.4490e-06
8.00 3.4254e-06
8.25 3.4104e-06
7.50 3.4327e-06
7.50 3.3709e-06
7.75 3.4131e-06
7.00 3.4277e-06
8.50 3.4213e-06
7.25 3.4333e-06
8.50 3.4199e-06
8.75 3.3828e-06
9.00 3.4113e-06
7.00 3.3741e-06
8.75 3.4275e-06
7.75 3.4273e-06
8.00 3.4392e-06
7.50 3.4167e-06
7.50 3.4204e-06
8.00 3.4160e-06
8.25 3.4267e-06
7.00 3.4060e-06
7.75 3.4267e-06
7.25 3.4059e-06
8.50 3.4064e-06
8.50 3.4207e-06
9.00 3.3885e-06
8.75 3.4046e-06
9.00 3.4168e-06
7.75 3.4452e-06
7.50 3.4240e-06
8.75 3.4427e-06
7.50 3.4612e-06
8.00 3.4192e-06
8.00 3.3949e-06
7.25 3.4242e-06
8.25 3.4256e-06
7.25 3.4095e-06
7.75 3.4244e-06
8.50 3.3918e-06
8.50 3.3661e-06
9.00 3.4295e-06
8.75 3.4187e-06
7.50 3.4073e-06
7.75 3.4255e-06
7.50 3.4070e-06
9.25 3.4195e-06
8.75 3.4265e-06
8.00 3.4473e-06
8.00 3.4284e-06
7.25 3.4025e-06
8.25 3.4242e-06
7.25 3.4482e-06
7.75 3.4212e-06
8.50 3.3699e-06
8.50 3.4175e-06
7.50 3.3617e-06
7.50 3.4506e-06
9.00 3.4157e-06
7.75 3.4274e-06
8.75 3.4331e-06
7.25 3.4335e-06
8.00 3.4344e-06
8.75 3.4035e-06
8.00 3.4443e-06
9.25 3.4071e-06
7.25 3.4079e-06
8.25 3.4167e-06
7.75 3.4200e-06
7.50 3.4398e-06
7.50 3.4224e-06
8.50 3.4704e-06
8.50 3.4371e-06
7.75 3.4177e-06
8.75 3.4244e-06
9.00 3.4137e-06
7.25 3.4147e-06
8.00 3.4056e-06
8.25 3.4294e-06
7.25 3.4138e-06
8.75 3.4175e-06
9.25 3.4296e-06
8.25 3.4544e-06
7.75 3.3954e-06
7.50 3.4241e-06
7.50 3.4041e-06
8.50 3.4259e-06
7.25 3.4391e-06
8.50 3.4071e-06
7.75 3.3862e-06
7.25 3.4272e-06
8.25 3.4050e-06
8.00 3.3883e-06
9.00 3.4157e-06
8.75 3.4208e-06
7.75 3.4486e-06
8.75 3.4199e-06
8.25 3.4050e-06
9.25 3.4214e-06
7.50 3.4434e-06
7.50 3.4130e-06
7.25 3.4220e-06
7.75 3.4151e-06
8.50 3.4314e-06
7.25 3.4151e-06
8.50 3.4353e-06
8.00 3.4321e-06
8.25 3.4399e-06
8.75 3.4002e-06
9.00 3.3888e-06
7.75 3.4382e-06
8.25 3.4203e-06
7.50 3.4323e-06
8.75 3.4239e-06
7.50 3.4375e-06
9.25 3.4344e-06
7.25 3.4224e-06
7.75 3.4129e-06
8.50 3.4292e-06
8.50 3.4206e-06
9.25 3.4243e-06
8.00 3.4159e-06
8.25 3.4171e-06
7.75 3.4129e-06
9.00 3.4323e-06
8.75 3.4411e-06
7.50 3.4385e-06
8.25 3.4265e-06
7.50 3.4545e-06
8.75 3.4192e-06
7.25 3.4270e-06
9.25 3.4340e-06
7.75 3.4395e-06
8.50 3.4046e-06
8.50 3.4419e-06
8.00 3.4132e-06
8.25 3.4382e-06
7.75 3.4102e-06
7.50 3.4530e-06
9.25 3.4259e-06
9.00 3.4062e-06
7.50 3.4067e-06
8.25 3.4159e-06
8.75 3.4396e-06
7.25 3.3987e-06
8.75 3.4406e-06
7.75 3.4252e-06
9.25 3.3864e-06
8.00 3.4318e-06
8.50 3.4083e-06
8.50 3.4432e-06
7.50 3.4351e-06
7.75 3.4557e-06
8.25 3.4260e-06
7.50 3.3775e-06
7.25 3.4099e-06
9.25 3.4357e-06
8.25 3.4287e-06
9.00 3.4204e-06
8.75 3.4128e-06
8.75 3.3963e-06
7.75 3.4433e-06
8.00 3.3864e-06
9.25 3.4411e-06
7.50 3.3328e-06
8.50 3.4295e-06
8.50 3.4385e-06
7.75 3.4255e-06
7.50 3.3718e-06
8.25 3.3837e-06
7.25 3.4153e-06
8.25 3.4414e-06
8.75 3.4020e-06
9.25 3.4281e-06
7.75 3.4007e-06
9.00 3.4308e-06
8.75 3.4298e-06
8.00 3.4309e-06
7.50 3.4434e-06
7.50 3.4105e-06
7.75 3.4366e-06
8.50 3.4484e-06
9.25 3.3795e-06
8.50 3.3219e-06
8.25 3.4367e-06
8.25 3.4088e-06
9.50 3.4313e-06
7.75 3.4191e-06
8.75 3.4551e-06
9.25 3.4162e-06
9.00 3.4084e-06
8.75 3.4583e-06
7.50 3.4291e-06
7.50 3.4267e-06
8.00 3.4037e-06
7.75 3.4176e-06
8.50 3.4110e-06
8.50 3.4457e-06
8.25 3.3792e-06
8.25 3.4094e-06
7.75 3.4544e-06
9.25 3.4394e-06
9.50 3.4182e-06
9.00 3.4297e-06
8.75 3.4228e-06
9.25 3.4136e-06
7.50 3.4224e-06
7.50 3.4479e-06
8.75 3.4500e-06
7.75 3.4477e-06
8.00 3.4224e-06
8.50 3.3860e-06
8.25 3.4514e-06
8.50 3.4267e-06
8.25 3.4153e-06
7.75 3.4553e-06
9.25 3.4187e-06
7.50 3.4274e-06
9.50 3.3819e-06
8.75 3.4430e-06
9.00 3.4209e-06
9.25 3.4157e-06
7.75 3.4409e-06
9.50 3.4443e-06
8.75 3.4204e-06
8.00 3.4265e-06
8.25 3.4247e-06
8.50 3.3816e-06
8.50 3.4466e-06
7.75 3.4154e-06
8.25 3.4296e-06
7.50 3.4250e-06
9.25 3.4063e-06
9.00 3.4242e-06
9.50 3.4096e-06
8.75 3.4194e-06
7.75 3.4072e-06
9.25 3.4291e-06
8.00 3.4142e-06
8.75 3.3956e-06
9.50 3.4331e-06
8.25 3.4072e-06
8.50 3.4042e-06
8.50 3.4248e-06
7.75 3.3889e-06
8.25 3.4209e-06
7.50 3.4155e-06
9.50 3.4050e-06
7.75 3.3931e-06
8.75 3.4466e-06
9.00 3.3620e-06
9.25 3.4041e-06
8.25 3.3869e-06
8.50 3.4397e-06
8.00 3.4267e-06
9.25 3.4130e-06
8.50 3.4222e-06
9.50 3.4234e-06
8.25 3.4198e-06
7.50 3.3823e-06
8.75 3.4327e-06
8.50 3.4252e-06
7.75 3.4303e-06
8.25 3.4171e-06
7.50 3.4120e-06
9.50 3.4190e-06
8.00 3.4293e-06
9.50 3.4252e-06
7.75 3.4378e-06
9.25 3.4292e-06
8.25 3.3707e-06
9.00 3.4447e-06
8.50 3.4171e-06
8.75 3.4173e-06
9.25 3.4106e-06
8.75 3.4438e-06
7.50 3.4147e-06
8.50 3.3963e-06
7.75 3.4326e-06
8.25 3.4714e-06
8.00 3.4219e-06
7.75 3.4155e-06
8.25 3.3691e-06
9.50 3.4259e-06
9.50 3.4016e-06
8.50 3.4213e-06
9.25 3.4110e-06
9.00 3.4061e-06
8.75 3.4045e-06
9.00 3.4175e-06
9.25 3.4639e-06
8.00 3.4256e-06
8.50 3.4169e-06
8.25 3.4097e-06
8.00 3.4146e-06
7.75 3.4127e-06
9.75 3.4306e-06
8.25 3.4403e-06
8.50 3.4172e-06
9.50 3.4197e-06
9.50 3.4266e-06
9.25 3.3709e-06
9.00 3.4292e-06
8.75 3.3902e-06
9.00 3.4119e-06
9.25 3.4319e-06
8.00 3.4027e-06
8.50 3.4197e-06
8.25 3.4364e-06
8.00 3.4515e-06
7.75 3.4242e-06
8.25 3.4266e-06
9.75 3.4194e-06
8.50 3.3998e-06
9.50 3.4160e-06
9.50 3.4236e-06
9.25 3.4371e-06
8.75 3.4323e-06
9.00 3.4248e-06
8.00 3.4373e-06
9.00 3.4306e-06
9.25 3.4319e-06
8.00 3.4062e-06
8.50 3.4329e-06
8.25 3.4219e-06
7.75 3.3838e-06
8.25 3.4362e-06
8.50 3.4403e-06
9.75 3.4119e-06
9.50 3.4179e-06
9.00 3.4281e-06
8.75 3.4127e-06
9.50 3.4046e-06
8.00 3.4093e-06
9.25 3.4204e-06
7.75 3.4314e-06
8.00 3.4173e-06
9.00 3.4165e-06
8.25 3.4021e-06
9.25 3.4213e-06
8.50 3.4199e-06
8.25 3.4291e-06
8.50 3.4415e-06
8.00 3.4391e-06
9.75 3.4113e-06
8.75 3.4112e-06
9.00 3.4404e-06
9.50 3.4358e-06
9.25 3.4138e-06
9.25 3.4105e-06
9.00 3.4324e-06
8.00 3.4265e-06
8.25 3.4106e-06
8.25 3.4427e-06
8.75 3.4167e-06
9.00 3.4146e-06
9.25 3.4237e-06
8.25 3.4314e-06
8.00 3.4123e-06
7.75 3.4038e-06
9.00 3.4375e-06
8.25 3.4424e-06
9.25 3.4322e-06
8.75 3.3866e-06
9.00 3.4144e-06
8.25 3.4491e-06
8.00 3.4301e-06
9.25 3.4332e-06
9.00 3.4311e-06
9.25 3.4176e-06
8.50 3.4437e-06
8.00 3.4280e-06
9.75 3.3975e-06
9.25 3.4338e-06
9.50 3.4399e-06
8.25 3.4390e-06
8.50 3.4128e-06
9.00 3.4134e-06
8.25 3.4111e-06
8.75 3.4317e-06
8.00 3.4253e-06
9.50 3.4405e-06
8.00 3.4080e-06
9.00 3.3839e-06
9.50 3.4339e-06
8.75 3.4066e-06
8.00 3.3787e-06
8.50 3.4068e-06
9.25 3.4395e-06
8.25 3.3205e-06
9.75 3.4308e-06
8.00 3.4084e-06
9.50 3.4221e-06
8.25 3.3893e-06
8.75 3.4185e-06
8.00 3.4158e-06
8.00 3.4328e-06
8.50 3.4543e-06
9.25 3.4444e-06
8.25 3.4487e-06
9.75 3.4082e-06
8.00 3.4297e-06
8.00 3.3940e-06
9.50 3.4046e-06
8.75 3.4321e-06
8.25 3.3739e-06
9.25 3.4422e-06
8.50 3.4223e-06
8.25 3.4286e-06
9.00 3.4387e-06
9.75 3.4442e-06
8.00 3.4192e-06
8.00 3.4489e-06
9.00 3.4244e-06
8.75 3.4067e-06
9.50 3.4573e-06
8.25 3.4048e-06
8.50 3.4419e-06
8.25 3.4489e-06
9.00 3.3828e-06
9.25 3.3917e-06
8.00 3.4206e-06
9.50 3.3981e-06
8.00 3.4199e-06
9.75 3.4275e-06
8.75 3.4295e-06
8.25 3.4254e-06
9.50 3.4231e-06
8.25 3.4272e-06
8.50 3.4187e-06
9.25 3.4397e-06
8.50 3.3953e-06
9.25 3.3813e-06
8.00 3.3697e-06
9.00 3.4386e-06
9.00 3.4226e-06
9.75 3.4093e-06
8.25 3.4274e-06
8.75 3.4283e-06
8.25 3.4399e-06
9.50 3.4244e-06
9.50 3.4392e-06
8.50 3.4470e-06
9.25 3.4272e-06
8.00 3.3644e-06
8.50 3.4322e-06
9.00 3.4208e-06
9.25 3.4086e-06
9.00 3.4307e-06
8.25 3.4191e-06
8.25 3.4224e-06
9.75 3.4297e-06
8.75 3.4243e-06
9.50 3.4583e-06
8.50 3.4436e-06
9.50 3.4137e-06
8.50 3.4597e-06
9.25 3.4456e-06
9.00 3.4077e-06
8.25 3.3941e-06
8.25 3.4203e-06
9.25 3.4059e-06
9.00 3.4130e-06
8.75 3.3595e-06
9.75 3.4281e-06
8.50 3.4024e-06
9.50 3.4591e-06
9.50 3.4329e-06
8.50 3.4528e-06
9.25 3.4306e-06
8.25 3.4157e-06
8.25 3.3999e-06
9.00 3.4025e-06
8.75 3.4478e-06
9.25 3.4195e-06
9.00 3.3676e-06
9.75 3.4272e-06
8.50 3.3892e-06
9.50 3.4177e-06
8.50 3.4191e-06
9.50 3.4445e-06
8.25 3.4174e-06
9.25 3.4334e-06
8.25 3.4420e-06
9.00 3.4114e-06
8.75 3.4054e-06
9.25 3.4257e-06
9.00 3.4380e-06
9.75 3.4171e-06
8.50 3.4347e-06
8.50 3.3951e-06
9.50 3.4026e-06
9.50 3.4150e-06
8.25 3.4259e-06
8.25 3.4438e-06
9.25 3.4288e-06
9.00 3.4689e-06
8.75 3.4281e-06
9.25 3.4300e-06
9.00 3.4202e-06
8.50 3.4162e-06
9.75 3.4442e-06
8.50 3.4345e-06
9.50 3.4313e-06
8.25 3.4227e-06
9.50 3.3924e-06
9.25 3.4036e-06
9.00 3.4356e-06
8.75 3.4257e-06
8.50 3.4114e-06
9.00 3.4312e-06
9.75 3.4083e-06
9.25 3.4210e-06
8.50 3.4326e-06
8.25 3.4420e-06
9.50 3.4323e-06
9.50 3.4296e-06
9.25 3.4180e-06
9.00 3.4345e-06
8.75 3.4243e-06
8.50 3.4034e-06
9.00 3.4328e-06
8.25 3.3944e-06
8.75 3.4242e-06
9.75 3.4274e-06
9.25 3.3995e-06
9.50 3.4187e-06
9.75 3.4271e-06
9.25 3.4164e-06
8.75 3.4385e-06
9.00 3.4221e-06
8.50 3.3859e-06
9.00 3.4396e-06
8.25 3.4311e-06
8.75 3.4067e-06
9.75 3.4303e-06
9.25 3.4384e-06
9.75 3.4027e-06
9.50 3.4104e-06
9.25 3.4256e-06
8.75 3.4340e-06
8.50 3.4326e-06
9.00 3.4120e-06
9.00 3.4425e-06
8.75 3.4347e-06
9.25 3.4350e-06
9.75 3.4281e-06
9.75 3.4314e-06
9.50 3.4163e-06
9.25 3.4336e-06
8.75 3.4117e-06
8.50 3.4040e-06
9.00 3.4104e-06
8.75 3.4175e-06
9.00 3.4419e-06
9.75 3.4340e-06
9.25 3.4183e-06
9.50 3.3929e-06
9.75 3.4270e-06
8.75 3.4177e-06
8.50 3.4200e-06
9.25 3.4407e-06
9.00 3.4232e-06
8.75 3.4367e-06
9.00 3.3327e-06
9.25 3.4027e-06
9.75 3.4243e-06
8.75 3.4122e-06
8.50 3.4324e-06
9.75 3.4300e-06
9.50 3.4301e-06
9.00 3.4368e-06
9.25 3.4010e-06
8.75 3.4271e-06
9.00 3.4404e-06
9.25 3.4574e-06
9.75 3.4139e-06
8.50 3.4067e-06
8.75 3.4242e-06
9.50 3.4118e-06
9.75 3.4370e-06
9.25 3.4273e-06
9.00 3.4153e-06
8.75 3.3862e-06
9.00 3.4243e-06
9.25 3.4228e-06
8.50 3.4283e-06
8.75 3.4170e-06
9.75 3.4091e-06
9.50 3.4157e-06
9.25 3.4520e-06
9.75 3.3948e-06
9.00 3.3834e-06
8.75 3.4377e-06
9.00 3.4422e-06
8.50 3.4258e-06
9.25 3.4401e-06
8.75 3.4192e-06
9.75 3.4207e-06
9.00 3.3895e-06
9.25 3.4590e-06
8.75 3.4328e-06
9.50 3.4277e-06
9.75 3.4429e-06
9.00 3.4298e-06
8.75 3.4121e-06
9.25 3.4150e-06
9.75 3.4277e-06
8.75 3.4435e-06
9.00 3.4047e-06
9.25 3.4246e-06
9.50 3.4086e-06
9.75 3.4028e-06
9.00 3.4432e-06
8.75 3.3654e-06
9.25 3.4345e-06
9.00 3.4215e-06
8.75 3.4207e-06
9.75 3.4175e-06
9.25 3.3960e-06
9.50 3.4306e-06
9.75 3.4389e-06
9.00 3.4260e-06
8.75 3.4389e-06
9.25 3.4435e-06
8.75 3.4061e-06
9.00 3.4239e-06
9.25 3.4310e-06
9.75 3.4265e-06
9.50 3.4278e-06
9.00 3.4035e-06
9.75 3.4208e-06
8.75 3.4222e-06
8.75 3.3942e-06
9.25 3.4133e-06
9.00 3.4249e-06
9.25 3.4312e-06
9.75 3.4139e-06
9.50 3.4240e-06
9.00 3.4190e-06
9.75 3.4057e-06
8.75 3.4306e-06
8.75 3.4145e-06
9.25 3.3852e-06
9.00 3.4239e-06
9.50 3.4289e-06
9.00 3.4171e-06
9.75 3.3711e-06
9.50 3.4007e-06
8.75 3.4327e-06
9.75 3.4019e-06
8.75 3.4688e-06
9.00 3.3982e-06
9.25 3.4330e-06
9.00 3.4273e-06
9.50 3.4059e-06
9.75 3.4363e-06
9.50 3.4465e-06
8.75 3.4430e-06
9.75 3.4132e-06
8.75 3.4071e-06
9.00 3.4373e-06
9.25 3.4169e-06
9.00 3.4217e-06
9.50 3.4309e-06
9.75 3.4153e-06
9.50 3.4084e-06
9.75 3.4825e-06
9.00 3.4386e-06
9.25 3.4108e-06
9.00 3.4422e-06
9.50 3.4250e-06
9.75 3.4338e-06
9.50 3.4240e-06
9.75 3.4075e-06
9.25 3.4154e-06
9.00 3.4165e-06
9.00 3.4031e-06
9.50 3.4332e-06
9.75 3.4336e-06
9.50 3.4251e-06
9.75 3.4344e-06
9.25 3.3909e-06
9.00 3.4009e-06
9.00 3.4301e-06
9.50 3.4366e-06
9.75 3.4389e-06
9.50 3.4281e-06
9.75 3.4170e-06
9.25 3.4307e-06
9.00 3.4541e-06
9.00 3.4333e-06
9.50 3.3908e-06
9.50 3.4343e-06
9.75 3.4367e-06
9.75 3.4233e-06
9.00 3.4237e-06
9.25 3.4093e-06
9.00 3.4553e-06
9.50 3.4407e-06
9.50 3.4235e-06
9.75 3.4413e-06
9.75 3.4104e-06
9.25 3.4161e-06
9.00 3.4396e-06
9.00 3.4200e-06
9.50 3.4047e-06
9.50 3.4179e-06
9.75 3.3932e-06
9.25 3.4302e-06
9.75 3.4248e-06
9.00 3.3948e-06
9.50 3.4373e-06
9.50 3.4106e-06
9.75 3.4399e-06
9.25 3.4091e-06
9.00 3.4331e-06
9.75 3.4295e-06
9.50 3.4237e-06
9.25 3.4285e-06
9.50 3.4147e-06
9.75 3.4266e-06
9.75 3.4177e-06
9.50 3.4061e-06
9.25 3.4227e-06
9.50 3.4303e-06
9.75 3.4477e-06
9.75 3.3797e-06
9.50 3.4049e-06
9.25 3.4240e-06
9.50 3.4130e-06
9.75 3.4120e-06
9.75 3.4348e-06
9.50 3.4149e-06
9.25 3.4031e-06
9.50 3.4296e-06
9.75 3.4243e-06
9.75 3.4029e-06
9.50 3.4639e-06
9.25 3.4457e-06
9.50 3.3777e-06
9.75 3.4181e-06
9.75 3.4239e-06
9.50 3.4061e-06
9.25 3.4119e-06
9.50 3.3716e-06
9.75 3.4244e-06
9.75 3.3968e-06
9.50 3.4316e-06
9.25 3.4262e-06
9.50 3.4371e-06
9.75 3.4200e-06
9.75 3.4259e-06
9.50 3.4021e-06
9.50 3.4195e-06
9.75 3.4148e-06
9.75 3.4261e-06
9.50 3.4166e-06
9.50 3.4324e-06
9.75 3.4203e-06
9.75 3.4026e-06
9.50 3.4100e-06
9.50 3.4330e-06
9.75 3.4320e-06
9.75 3.4409e-06
9.50 3.4226e-06
9.50 3.4362e-06
9.75 3.4403e-06
9.75 3.4319e-06
9.50 3.4394e-06
9.75 3.3941e-06
9.75 3.4203e-06
9.50 3.4441e-06
9.75 3.4248e-06
9.75 3.4082e-06
9.50 3.3965e-06
9.75 3.4613e-06
9.75 3.4521e-06
9.50 3.4406e-06
9.75 3.4561e-06
9.75 3.4217e-06
9.50 3.4273e-06
9.75 3.4169e-06
9.75 3.4347e-06
9.75 3.4012e-06
9.75 3.4136e-06
9.75 3.4340e-06
9.75 3.4309e-06
9.75 3.4205e-06
9.75 3.4426e-06
9.75 3.4100e-06
9.75 3.3933e-06
