0.25 3.3620e-06
0.25 3.2980e-06
0.50 3.5283e-06
0.50 3.4230e-06
0.25 3.4229e-06
0.25 3.3247e-06
0.75 3.4596e-06
0.25 3.5727e-06
0.25 3.4771e-06
1.00 3.4474e-06
1.00 3.4115e-06
0.50 3.3967e-06
1.25 3.4394e-06
0.50 3.4132e-06
0.25 3.3346e-06
1.25 3.3860e-06
0.25 3.4045e-06
1.50 3.3986e-06
0.25 3.2502e-06
0.25 3.3532e-06
0.75 3.4492e-06
1.75 3.3913e-06
0.50 3.4256e-06
0.50 3.4840e-06
0.25 3.4022e-06
0.25 3.5236e-06
1.75 3.4131e-06
1.00 3.4706e-06
2.00 3.4496e-06
1.00 3.3993e-06
0.25 3.4055e-06
2.00 3.4699e-06
0.25 3.3698e-06
0.50 3.3658e-06
0.50 3.3648e-06
2.25 3.4411e-06
0.25 3.4336e-06
1.25 3.4780e-06
0.75 3.4275e-06
1.25 3.4751e-06
0.25 3.4939e-06
0.50 3.4708e-06
0.25 3.2332e-06
0.50 3.4047e-06
0.25 3.4499e-06
0.25 3.4036e-06
1.75 3.4030e-06
1.50 3.4941e-06
1.00 3.4355e-06
0.25 3.6813e-06
1.00 3.4443e-06
0.75 3.3889e-06
0.25 3.4757e-06
0.50 3.3953e-06
0.50 3.3874e-06
0.25 3.5482e-06
0.25 3.3507e-06
1.75 3.4996e-06
0.25 3.4716e-06
0.25 3.4175e-06
1.25 3.3997e-06
0.50 3.4777e-06
0.75 3.4705e-06
0.50 3.4318e-06
1.25 3.4492e-06
0.25 3.4946e-06
0.25 3.4036e-06
1.00 3.4109e-06
2.00 3.4555e-06
0.25 3.4467e-06
1.00 3.3320e-06
2.00 3.3988e-06
0.50 3.3937e-06
0.50 3.4140e-06
0.25 3.4461e-06
0.25 3.3875e-06
2.25 3.4069e-06
1.50 3.4486e-06
0.75 3.4061e-06
0.25 3.6523e-06
0.50 3.4011e-06
0.25 3.3181e-06
1.75 3.3994e-06
0.50 3.5440e-06
1.00 3.5453e-06
0.25 3.4288e-06
0.25 3.5427e-06
1.25 3.4403e-06
1.75 3.4660e-06
1.00 3.3840e-06
0.25 3.4491e-06
1.25 3.4686e-06
0.50 3.5870e-06
0.25 3.4469e-06
0.75 3.4947e-06
0.25 3.4889e-06
0.50 3.4979e-06
0.25 3.5063e-06
0.25 3.3019e-06
0.50 3.4421e-06
0.25 3.3620e-06
1.00 3.4419e-06
0.25 3.4777e-06
2.00 3.5209e-06
0.25 3.4911e-06
1.50 3.4100e-06
0.50 3.4254e-06
1.00 3.4103e-06
0.75 3.3939e-06
0.50 3.4028e-06
0.25 3.4936e-06
0.25 3.5684e-06
2.00 3.4490e-06
1.25 3.4811e-06
1.25 3.4296e-06
1.75 3.4817e-06
0.25 3.4245e-06
0.25 3.6802e-06
0.50 3.4356e-06
0.50 3.5583e-06
0.25 3.4060e-06
0.25 3.3321e-06
1.00 3.4863e-06
2.25 3.4095e-06
0.25 3.5233e-06
0.75 3.4353e-06
1.00 3.3855e-06
1.75 3.4378e-06
0.25 3.3928e-06
0.50 3.4397e-06
0.25 3.4600e-06
0.50 3.5312e-06
1.50 3.4573e-06
0.25 3.3439e-06
0.25 3.3910e-06
1.25 3.4579e-06
0.75 3.4423e-06
1.25 3.4162e-06
0.25 3.3800e-06
0.50 3.4761e-06
0.25 3.5002e-06
0.50 3.4008e-06
0.25 3.4493e-06
1.00 3.3966e-06
1.00 3.4651e-06
1.75 3.3934e-06
2.00 3.4341e-06
0.25 3.5414e-06
0.25 3.4299e-06
0.50 3.5828e-06
0.25 3.3722e-06
0.75 3.4161e-06
0.50 3.4350e-06
2.00 3.4562e-06
0.25 3.4173e-06
0.25 3.5449e-06
1.25 3.4249e-06
0.25 3.4143e-06
0.25 3.4651e-06
0.50 3.4207e-06
1.00 3.5141e-06
1.75 3.4500e-06
1.00 3.4541e-06
0.50 3.4055e-06
1.50 3.4446e-06
1.25 3.4528e-06
0.25 3.4372e-06
0.25 3.4448e-06
2.25 3.4661e-06
0.75 3.4095e-06
0.50 3.4662e-06
0.25 3.4509e-06
0.25 3.3659e-06
0.50 3.5361e-06
0.25 3.3844e-06
0.25 3.3762e-06
1.75 3.4990e-06
1.00 3.4550e-06
1.25 3.4022e-06
0.75 3.3309e-06
0.25 3.5163e-06
0.25 3.4214e-06
1.00 3.3885e-06
2.00 3.4351e-06
0.75 3.4457e-06
0.50 3.5320e-06
0.25 3.5058e-06
0.25 3.6630e-06
1.25 3.4791e-06
2.00 3.4344e-06
1.75 3.3689e-06
0.25 3.4376e-06
0.25 3.3188e-06
1.50 3.4793e-06
0.75 3.4094e-06
0.75 3.4780e-06
0.50 3.4515e-06
0.25 3.3718e-06
0.25 3.5211e-06
1.00 3.4830e-06
1.00 3.3605e-06
0.25 3.3813e-06
1.25 3.4597e-06
0.50 3.3427e-06
2.25 3.3985e-06
0.25 3.4894e-06
0.75 3.4521e-06
0.50 3.3070e-06
1.75 3.4019e-06
0.75 3.4714e-06
0.25 3.5386e-06
1.25 3.4365e-06
0.25 3.4335e-06
0.50 3.6147e-06
2.00 3.4170e-06
1.00 3.4055e-06
0.50 3.4097e-06
0.25 3.4237e-06
1.00 3.4780e-06
1.50 3.4154e-06
2.00 3.4163e-06
1.75 3.4702e-06
0.75 3.4009e-06
0.50 3.4706e-06
0.75 3.5165e-06
0.25 3.4936e-06
1.25 3.4764e-06
0.50 3.5049e-06
0.25 3.4622e-06
0.50 3.5940e-06
0.75 3.4398e-06
1.00 3.4974e-06
0.25 3.4496e-06
1.00 3.5378e-06
0.50 3.3412e-06
0.75 3.3746e-06
1.75 3.4669e-06
1.25 3.4509e-06
0.50 3.4296e-06
0.25 3.4565e-06
1.50 3.4450e-06
2.25 3.4663e-06
0.25 3.3507e-06
0.50 3.3514e-06
1.75 3.4642e-06
2.00 3.4138e-06
0.50 3.4168e-06
0.75 3.3807e-06
1.25 3.4165e-06
0.25 3.4652e-06
0.75 3.4142e-06
2.00 3.4226e-06
1.00 3.4216e-06
1.00 3.4354e-06
0.25 3.4585e-06
0.50 3.4238e-06
0.50 3.4371e-06
1.25 3.4161e-06
0.25 3.4208e-06
0.75 3.3913e-06
0.75 3.4157e-06
0.50 3.4336e-06
0.25 3.3383e-06
0.50 3.4272e-06
1.00 3.3422e-06
1.75 3.4249e-06
1.25 3.4042e-06
1.50 3.3989e-06
1.00 3.3911e-06
0.25 3.3459e-06
0.50 3.4571e-06
0.75 3.4751e-06
0.75 3.4644e-06
0.25 3.4656e-06
0.50 3.5383e-06
2.25 3.4331e-06
1.75 3.4829e-06
0.25 3.3290e-06
2.00 3.4466e-06
1.25 3.4262e-06
1.00 3.4276e-06
0.50 3.4349e-06
0.25 3.7324e-06
0.50 3.3829e-06
0.75 3.4076e-06
1.00 3.4571e-06
0.75 3.3999e-06
2.25 3.4320e-06
1.25 3.4745e-06
0.25 3.5191e-06
0.50 3.6886e-06
0.25 3.4677e-06
1.50 3.4854e-06
0.50 3.4014e-06
1.75 3.4138e-06
0.25 3.4076e-06
0.75 3.4300e-06
0.75 3.5725e-06
1.00 3.4147e-06
0.25 3.4927e-06
1.00 3.4278e-06
0.50 3.4746e-06
0.25 3.5525e-06
1.50 3.4107e-06
0.50 3.4508e-06
1.75 3.4095e-06
2.00 3.4884e-06
1.25 3.4822e-06
0.75 3.4366e-06
0.75 3.4121e-06
0.50 3.5637e-06
2.25 3.4440e-06
0.50 3.4846e-06
1.00 3.5173e-06
1.00 3.4265e-06
0.50 3.5195e-06
1.50 3.4449e-06
0.50 3.3975e-06
0.75 3.4777e-06
0.75 3.4988e-06
1.75 3.4589e-06
2.25 3.3806e-06
1.50 3.4184e-06
0.50 3.4238e-06
0.50 3.4543e-06
1.25 3.4230e-06
0.75 3.4431e-06
0.75 3.4832e-06
1.00 3.4324e-06
1.00 3.4626e-06
1.75 3.4807e-06
0.50 3.4952e-06
0.50 3.4623e-06
2.00 3.4221e-06
0.75 3.2779e-06
1.50 3.4160e-06
2.50 3.3903e-06
0.50 3.4101e-06
2.25 3.4157e-06
0.75 3.4105e-06
0.50 3.3661e-06
1.50 3.4413e-06
1.75 3.4106e-06
1.00 3.4042e-06
1.00 3.4293e-06
1.25 3.3713e-06
0.50 3.5083e-06
2.25 3.4465e-06
0.50 3.5633e-06
0.75 3.3955e-06
0.75 3.4837e-06
0.50 3.4438e-06
1.75 3.4184e-06
0.50 3.4874e-06
1.50 3.4214e-06
0.75 3.4269e-06
1.00 3.3470e-06
0.50 3.3512e-06
1.00 3.3948e-06
2.00 3.3694e-06
0.75 3.3392e-06
1.25 3.4439e-06
0.50 3.4748e-06
1.50 3.4201e-06
1.75 3.4041e-06
0.75 3.3739e-06
0.50 3.3760e-06
0.50 3.3431e-06
0.75 3.5292e-06
2.50 3.4433e-06
2.25 3.4434e-06
1.00 3.4318e-06
1.50 3.4563e-06
1.00 3.4419e-06
0.50 3.5109e-06
0.75 3.3827e-06
0.50 3.4227e-06
1.25 3.4151e-06
1.75 3.4906e-06
1.50 3.4120e-06
0.75 3.4652e-06
0.50 3.3824e-06
2.25 3.4268e-06
0.50 3.4408e-06
1.75 3.4923e-06
0.75 3.5417e-06
1.00 3.4458e-06
2.00 3.4305e-06
1.00 3.3960e-06
0.50 3.4011e-06
0.75 3.4541e-06
0.50 3.4575e-06
0.75 3.4158e-06
1.50 3.4350e-06
1.25 3.4557e-06
1.50 3.4132e-06
1.75 3.4070e-06
1.00 3.4930e-06
0.50 3.4304e-06
0.75 3.3538e-06
1.00 3.4463e-06
2.25 3.4418e-06
0.75 3.5132e-06
2.50 3.4643e-06
0.50 3.4506e-06
1.75 3.4283e-06
0.75 3.4428e-06
2.00 3.4253e-06
2.25 3.4389e-06
1.50 3.4101e-06
0.50 3.2697e-06
0.75 3.3994e-06
1.00 3.3905e-06
1.00 3.4278e-06
2.50 3.4630e-06
1.25 3.4442e-06
1.50 3.4007e-06
0.50 3.3628e-06
0.75 3.4189e-06
0.75 3.4298e-06
1.75 3.3746e-06
1.00 3.4326e-06
0.50 3.4493e-06
1.00 3.5060e-06
2.25 3.4130e-06
1.75 3.3737e-06
0.75 3.4173e-06
1.25 3.3914e-06
0.75 3.5398e-06
1.50 3.4165e-06
0.50 3.4011e-06
2.00 3.4554e-06
1.50 3.4417e-06
1.00 3.5150e-06
2.50 3.4721e-06
1.00 3.4564e-06
0.75 3.3601e-06
0.50 3.3415e-06
0.75 3.4384e-06
2.25 3.4157e-06
1.75 3.3877e-06
1.25 3.4404e-06
0.50 3.4770e-06
2.50 3.4069e-06
1.00 3.4630e-06
0.75 3.4736e-06
1.50 3.4754e-06
0.75 3.4287e-06
1.75 3.4491e-06
1.00 3.4233e-06
0.50 3.4280e-06
1.50 3.4229e-06
2.25 3.4212e-06
0.75 3.3628e-06
0.75 3.4698e-06
0.50 3.5459e-06
2.00 3.4129e-06
1.25 3.4098e-06
1.00 3.4335e-06
1.00 3.4499e-06
1.75 3.4416e-06
0.50 3.4436e-06
0.75 3.4294e-06
2.50 3.4101e-06
0.75 3.4657e-06
1.50 3.4279e-06
1.75 3.4166e-06
2.25 3.3973e-06
0.50 3.4187e-06
0.75 3.3983e-06
1.50 3.4289e-06
1.00 3.4648e-06
0.75 3.4589e-06
1.00 3.4278e-06
2.50 3.4492e-06
1.25 3.4970e-06
0.50 3.4261e-06
2.25 3.4452e-06
0.75 3.4126e-06
1.75 3.4212e-06
0.75 3.3535e-06
0.50 3.3679e-06
1.75 3.4771e-06
2.00 3.3956e-06
1.00 3.4737e-06
1.50 3.3536e-06
1.00 3.5174e-06
1.50 3.4203e-06
1.25 3.4485e-06
0.50 3.4755e-06
0.75 3.4021e-06
0.75 3.3627e-06
2.50 3.4444e-06
2.25 3.4269e-06
0.50 3.4479e-06
1.00 3.4648e-06
1.00 3.4683e-06
1.50 3.3797e-06
0.75 3.4215e-06
0.75 3.4087e-06
1.75 3.4620e-06
1.75 3.4427e-06
2.25 3.4158e-06
1.50 3.5120e-06
1.25 3.4271e-06
2.50 3.4240e-06
2.00 3.4391e-06
1.00 3.4171e-06
0.75 3.6026e-06
0.75 3.4658e-06
1.00 3.4176e-06
1.50 3.4013e-06
1.25 3.4499e-06
0.75 3.4587e-06
0.75 3.4604e-06
2.50 3.4523e-06
1.00 3.4430e-06
2.25 3.4158e-06
1.00 3.4172e-06
1.50 3.4588e-06
1.75 3.3846e-06
1.75 3.4773e-06
0.75 3.4101e-06
2.75 3.4225e-06
2.25 3.4272e-06
0.75 3.3961e-06
2.00 3.4239e-06
1.25 3.4345e-06
1.50 3.4154e-06
2.50 3.4242e-06
1.00 3.4584e-06
0.75 3.5173e-06
1.25 3.3969e-06
0.75 3.4693e-06
1.50 3.4623e-06
0.75 3.4646e-06
1.75 3.4450e-06
1.75 3.4231e-06
1.00 3.4937e-06
1.25 3.4719e-06
0.75 3.5116e-06
2.25 3.4733e-06
1.50 3.3991e-06
2.50 3.4401e-06
0.75 3.4105e-06
1.25 3.3954e-06
2.25 3.3926e-06
2.00 3.4718e-06
1.00 3.4203e-06
0.75 3.4242e-06
1.50 3.4250e-06
2.75 3.4165e-06
0.75 3.4490e-06
2.50 3.4527e-06
1.75 3.4695e-06
1.25 3.4294e-06
1.75 3.4437e-06
0.75 3.4192e-06
1.25 3.4653e-06
1.50 3.4580e-06
1.00 3.3615e-06
0.75 3.4201e-06
2.25 3.4123e-06
1.50 3.3873e-06
0.75 3.4072e-06
2.00 3.4244e-06
0.75 3.4552e-06
2.25 3.3957e-06
2.50 3.4025e-06
1.00 3.4638e-06
1.25 3.4555e-06
1.25 3.4124e-06
1.75 3.4797e-06
1.50 3.3834e-06
1.75 3.4186e-06
0.75 3.5128e-06
0.75 3.4798e-06
2.50 3.4570e-06
2.75 3.4811e-06
1.00 3.4333e-06
1.50 3.5212e-06
2.25 3.5102e-06
0.75 3.4969e-06
1.25 3.4186e-06
1.25 3.4087e-06
0.75 3.4133e-06
2.00 3.4123e-06
1.75 3.4361e-06
1.00 3.4860e-06
1.75 3.4424e-06
1.50 3.4837e-06
0.75 3.4469e-06
2.25 3.4104e-06
0.75 3.4445e-06
2.50 3.4022e-06
1.50 3.4991e-06
1.25 3.4693e-06
1.25 3.4160e-06
0.75 3.3616e-06
1.00 3.4547e-06
2.50 3.4212e-06
1.00 3.3766e-06
1.75 3.4165e-06
2.25 3.4620e-06
2.00 3.4771e-06
1.50 3.4057e-06
1.75 3.4562e-06
0.75 3.4797e-06
2.75 3.4649e-06
1.25 3.4401e-06
1.25 3.3787e-06
1.50 3.4884e-06
1.00 3.3842e-06
1.00 3.3996e-06
2.25 3.4164e-06
2.50 3.3949e-06
1.75 3.4429e-06
1.00 3.4498e-06
1.25 3.4038e-06
1.50 3.4503e-06
1.25 3.4420e-06
1.75 3.4393e-06
2.00 3.4525e-06
1.00 3.4766e-06
1.50 3.4122e-06
2.50 3.4715e-06
2.25 3.4430e-06
1.00 3.4176e-06
1.25 3.4225e-06
2.75 3.4302e-06
1.25 3.4195e-06
2.75 3.4278e-06
1.75 3.4540e-06
1.00 3.3966e-06
1.50 3.4184e-06
2.25 3.4729e-06
1.75 3.4210e-06
1.00 3.4945e-06
1.50 3.4296e-06
2.50 3.4705e-06
2.00 3.4141e-06
1.00 3.4083e-06
1.25 3.4722e-06
1.25 3.5495e-06
1.00 3.4290e-06
2.50 3.4244e-06
1.75 3.4246e-06
1.50 3.3902e-06
2.25 3.4413e-06
1.50 3.4680e-06
1.25 3.4364e-06
1.75 3.4324e-06
1.25 3.4311e-06
1.00 3.4419e-06
2.25 3.3998e-06
2.75 3.3805e-06
2.00 3.4066e-06
2.75 3.4132e-06
2.50 3.4313e-06
1.50 3.4487e-06
1.25 3.4199e-06
1.75 3.4152e-06
1.00 3.4322e-06
1.25 3.5143e-06
1.50 3.5001e-06
3.00 3.4368e-06
2.50 3.3785e-06
2.25 3.3872e-06
2.00 3.4346e-06
1.25 3.4276e-06
1.00 3.4365e-06
1.50 3.4210e-06
1.25 3.4605e-06
2.00 3.4541e-06
2.25 3.4662e-06
1.75 3.4319e-06
1.50 3.4223e-06
2.75 3.4626e-06
1.00 3.4149e-06
2.50 3.4287e-06
1.25 3.4419e-06
3.00 3.4309e-06
1.25 3.4490e-06
2.00 3.3818e-06
1.50 3.3887e-06
1.00 3.4233e-06
2.25 3.4425e-06
2.50 3.4437e-06
1.50 3.3781e-06
1.25 3.4257e-06
3.00 3.4500e-06
1.75 3.4829e-06
2.00 3.3934e-06
1.25 3.4574e-06
2.25 3.4037e-06
1.00 3.4543e-06
1.50 3.4894e-06
2.50 3.3772e-06
1.25 3.3343e-06
1.50 3.4158e-06
2.75 3.4208e-06
1.25 3.3864e-06
1.00 3.3795e-06
2.00 3.4466e-06
2.25 3.4473e-06
1.75 3.4452e-06
3.00 3.3858e-06
2.00 3.4841e-06
2.50 3.4428e-06
1.25 3.3854e-06
2.25 3.4613e-06
1.00 3.5133e-06
1.50 3.4369e-06
1.25 3.5354e-06
1.50 3.4397e-06
3.00 3.4452e-06
2.50 3.4081e-06
2.00 3.4193e-06
1.00 3.4547e-06
1.25 3.3989e-06
1.75 3.3785e-06
2.25 3.4826e-06
1.25 3.4982e-06
1.50 3.3708e-06
2.00 3.4382e-06
2.75 3.4431e-06
1.50 3.3990e-06
2.25 3.4272e-06
1.00 3.4258e-06
3.00 3.4401e-06
2.50 3.4625e-06
1.25 3.4060e-06
1.25 3.4517e-06
1.75 3.4433e-06
2.00 3.4200e-06
2.50 3.4546e-06
1.50 3.4581e-06
1.50 3.4411e-06
1.00 3.3983e-06
3.00 3.4118e-06
2.25 3.4018e-06
2.00 3.4479e-06
1.25 3.3988e-06
1.25 3.3832e-06
2.25 3.4226e-06
1.00 3.4736e-06
2.75 3.4029e-06
1.50 3.3837e-06
1.50 3.4156e-06
1.75 3.4364e-06
2.50 3.4172e-06
3.00 3.4145e-06
2.00 3.4086e-06
1.25 3.4883e-06
1.00 3.4909e-06
1.25 3.4243e-06
2.50 3.4789e-06
2.00 3.4176e-06
1.50 3.4359e-06
1.50 3.4707e-06
2.25 3.4236e-06
1.25 3.4093e-06
1.00 3.3982e-06
1.75 3.4542e-06
3.00 3.4213e-06
2.25 3.4565e-06
1.25 3.4664e-06
2.00 3.4073e-06
2.50 3.4842e-06
2.75 3.4007e-06
1.25 3.4965e-06
1.50 3.4328e-06
1.50 3.4640e-06
2.00 3.4442e-06
3.00 3.4327e-06
2.50 3.4526e-06
1.25 3.5332e-06
1.75 3.4246e-06
2.25 3.4163e-06
1.25 3.3903e-06
2.00 3.4230e-06
1.50 3.4687e-06
2.25 3.5000e-06
1.50 3.4699e-06
2.00 3.4421e-06
1.25 3.4037e-06
3.00 3.4222e-06
2.50 3.4315e-06
3.25 3.4331e-06
1.75 3.3914e-06
1.25 3.4520e-06
2.75 3.4390e-06
1.50 3.4401e-06
2.50 3.5171e-06
2.25 3.4449e-06
1.25 3.3787e-06
2.00 3.4104e-06
1.50 3.4139e-06
3.00 3.4248e-06
1.25 3.4248e-06
2.25 3.4241e-06
2.00 3.4168e-06
1.75 3.4415e-06
1.25 3.4110e-06
1.50 3.4271e-06
2.50 3.4259e-06
1.50 3.4300e-06
1.25 3.3966e-06
3.00 3.4251e-06
2.25 3.4014e-06
2.00 3.4925e-06
1.75 3.4110e-06
2.75 3.4202e-06
3.25 3.4418e-06
2.50 3.4418e-06
1.25 3.4360e-06
1.50 3.4398e-06
2.00 3.4111e-06
2.25 3.4745e-06
1.25 3.4421e-06
1.50 3.4549e-06
3.00 3.4091e-06
2.50 3.4549e-06
1.25 3.4664e-06
1.50 3.4449e-06
2.00 3.3927e-06
1.75 3.4848e-06
2.25 3.4044e-06
3.00 3.4360e-06
2.00 3.4486e-06
1.50 3.4706e-06
2.50 3.4284e-06
2.25 3.4246e-06
2.75 3.4519e-06
1.25 3.4020e-06
3.25 3.4492e-06
1.50 3.4303e-06
1.75 3.4302e-06
2.00 3.5146e-06
2.50 3.4471e-06
3.25 3.4814e-06
3.00 3.4623e-06
1.50 3.4151e-06
2.00 3.4184e-06
1.25 3.4855e-06
2.25 3.3882e-06
1.50 3.4415e-06
2.25 3.3725e-06
2.50 3.4285e-06
1.75 3.4076e-06
3.00 3.4473e-06
1.25 3.4146e-06
1.50 3.4109e-06
2.00 3.4681e-06
2.75 3.4117e-06
2.50 3.4471e-06
1.50 3.4235e-06
2.25 3.4265e-06
2.00 3.3672e-06
1.25 3.3641e-06
2.25 3.4432e-06
3.25 3.4646e-06
3.00 3.4170e-06
3.25 3.4060e-06
1.75 3.4689e-06
1.50 3.4382e-06
2.00 3.4335e-06
2.50 3.4104e-06
1.50 3.4128e-06
1.25 3.4184e-06
3.00 3.4154e-06
2.00 3.3885e-06
2.75 3.4139e-06
2.25 3.4284e-06
1.75 3.4451e-06
2.50 3.4548e-06
1.50 3.4978e-06
2.25 3.4356e-06
1.75 3.4187e-06
2.00 3.4536e-06
3.00 3.4735e-06
3.25 3.4155e-06
2.50 3.4509e-06
3.25 3.4398e-06
1.50 3.4506e-06
1.75 3.4180e-06
2.25 3.4449e-06
2.00 3.3993e-06
3.00 3.4186e-06
2.75 3.4467e-06
2.50 3.4200e-06
2.25 3.4530e-06
1.75 3.4257e-06
2.00 3.3723e-06
1.50 3.3620e-06
3.50 3.3904e-06
1.75 3.4110e-06
3.00 3.4313e-06
2.25 3.3801e-06
2.00 3.4068e-06
2.50 3.4729e-06
1.75 3.4437e-06
3.25 3.4082e-06
1.50 3.4592e-06
2.00 3.4661e-06
3.25 3.4598e-06
2.25 3.4232e-06
2.50 3.4201e-06
2.75 3.4235e-06
1.75 3.4518e-06
3.00 3.3891e-06
2.25 3.4185e-06
2.00 3.4025e-06
1.75 3.4272e-06
1.50 3.4377e-06
3.50 3.4764e-06
2.00 3.4560e-06
2.50 3.4220e-06
3.00 3.4903e-06
1.75 3.3949e-06
2.25 3.4938e-06
3.25 3.4660e-06
2.75 3.4006e-06
1.50 3.4598e-06
2.75 3.4376e-06
1.75 3.4243e-06
2.00 3.4728e-06
2.25 3.4622e-06
3.25 3.4258e-06
3.00 3.3975e-06
1.75 3.4904e-06
2.00 3.4801e-06
2.50 3.3755e-06
1.50 3.4322e-06
2.25 3.4390e-06
1.75 3.4073e-06
2.00 3.4013e-06
3.00 3.4479e-06
3.50 3.4201e-06
2.75 3.4122e-06
2.25 3.4703e-06
2.75 3.3792e-06
3.25 3.4163e-06
1.75 3.4427e-06
1.50 3.3997e-06
2.00 3.3973e-06
3.00 3.4055e-06
1.75 3.4083e-06
2.25 3.4385e-06
2.50 3.4587e-06
3.25 3.3810e-06
2.00 3.4889e-06
1.50 3.4234e-06
2.25 3.4547e-06
1.75 3.4373e-06
3.00 3.4639e-06
2.00 3.4834e-06
2.75 3.4394e-06
2.75 3.4792e-06
1.75 3.4253e-06
3.50 3.4146e-06
3.25 3.4212e-06
2.25 3.4399e-06
2.00 3.4273e-06
2.50 3.4263e-06
3.00 3.4347e-06
1.75 3.4169e-06
1.75 3.4169e-06
2.00 3.4228e-06
2.25 3.5464e-06
3.25 3.4439e-06
3.75 3.4129e-06
3.00 3.4464e-06
2.75 3.4136e-06
2.25 3.4526e-06
2.75 3.4066e-06
2.00 3.4597e-06
1.75 3.4634e-06
2.50 3.4431e-06
1.75 3.4887e-06
2.00 3.4543e-06
3.25 3.3984e-06
3.50 3.4298e-06
2.25 3.4350e-06
3.00 3.4803e-06
2.25 3.4513e-06
1.75 3.4289e-06
2.00 3.4268e-06
2.75 3.4409e-06
2.75 3.4332e-06
3.25 3.4340e-06
3.00 3.4018e-06
2.00 3.4024e-06
2.50 3.4330e-06
2.25 3.4371e-06
3.75 3.4278e-06
1.75 3.4344e-06
2.25 3.4482e-06
3.25 3.4086e-06
2.00 3.4297e-06
3.00 3.4045e-06
3.75 3.4123e-06
3.50 3.4166e-06
2.00 3.3890e-06
2.75 3.4329e-06
2.75 3.4473e-06
2.50 3.3980e-06
1.75 3.4366e-06
3.25 3.4509e-06
2.25 3.4436e-06
3.00 3.4479e-06
2.25 3.4200e-06
2.00 3.4306e-06
2.00 3.3928e-06
3.75 3.4161e-06
1.75 3.4691e-06
2.75 3.4089e-06
3.00 3.4646e-06
3.25 3.4831e-06
2.50 3.4368e-06
2.25 3.4150e-06
2.75 3.4394e-06
3.50 3.4566e-06
3.75 3.4241e-06
2.25 3.4251e-06
2.00 3.4027e-06
2.00 3.4229e-06
3.00 3.4450e-06
3.25 3.4284e-06
1.75 3.4234e-06
2.00 3.4250e-06
2.25 3.4766e-06
2.75 3.4524e-06
2.50 3.4323e-06
3.00 3.4237e-06
3.25 3.4714e-06
2.50 3.4472e-06
2.75 3.4164e-06
2.00 3.4354e-06
3.75 3.4097e-06
1.75 3.3620e-06
3.50 3.4133e-06
3.75 3.4364e-06
3.00 3.4642e-06
3.25 3.4800e-06
2.00 3.4812e-06
2.25 3.4827e-06
2.50 3.4641e-06
1.75 3.3906e-06
2.75 3.4034e-06
2.00 3.4420e-06
2.50 3.3784e-06
3.00 3.4436e-06
2.75 3.4275e-06
3.25 3.4247e-06
2.00 3.4264e-06
3.00 3.4081e-06
3.75 3.4481e-06
2.25 3.4188e-06
2.00 3.4085e-06
2.50 3.4124e-06
3.50 3.4650e-06
2.50 3.4504e-06
3.75 3.4459e-06
3.25 3.4193e-06
2.75 3.4774e-06
2.00 3.3744e-06
2.75 3.4304e-06
3.00 3.4165e-06
2.25 3.3788e-06
4.00 3.4079e-06
2.00 3.4183e-06
3.25 3.4315e-06
2.50 3.4045e-06
3.00 3.4449e-06
2.50 3.4129e-06
2.00 3.4490e-06
2.75 3.4357e-06
3.75 3.4245e-06
3.50 3.4166e-06
3.25 3.4358e-06
2.75 3.4211e-06
2.25 3.4570e-06
2.00 3.4535e-06
3.75 3.4207e-06
3.00 3.4341e-06
2.50 3.4400e-06
2.50 3.4491e-06
3.00 3.4534e-06
2.00 3.4228e-06
3.25 3.4489e-06
2.75 3.4910e-06
4.00 3.4449e-06
2.25 3.4279e-06
3.25 3.4555e-06
3.50 3.4344e-06
2.75 3.4189e-06
2.00 3.4648e-06
3.75 3.4713e-06
2.50 3.4257e-06
3.00 3.4788e-06
2.50 3.4352e-06
4.00 3.3817e-06
3.00 3.4573e-06
3.75 3.4583e-06
3.25 3.4249e-06
2.75 3.4467e-06
2.25 3.4448e-06
2.00 3.4262e-06
2.75 3.4623e-06
3.25 3.4577e-06
2.50 3.4022e-06
2.50 3.4021e-06
4.00 3.4124e-06
3.00 3.4961e-06
3.50 3.4492e-06
2.25 3.4141e-06
3.75 3.4204e-06
3.00 3.4047e-06
2.00 3.4751e-06
2.75 3.4544e-06
3.25 3.4360e-06
3.75 3.4036e-06
2.50 3.4457e-06
4.00 3.4247e-06
2.75 3.4138e-06
2.50 3.4043e-06
2.25 3.3962e-06
2.00 3.4373e-06
3.25 3.4387e-06
3.00 3.4467e-06
4.00 3.4161e-06
3.50 3.4422e-06
3.00 3.4140e-06
2.75 3.4436e-06
3.75 3.4276e-06
2.50 3.4159e-06
2.50 3.4673e-06
2.75 3.4324e-06
3.25 3.4156e-06
2.25 3.4346e-06
3.75 3.4014e-06
3.25 3.4563e-06
3.00 3.4689e-06
4.00 3.4259e-06
2.75 3.3961e-06
4.25 3.4097e-06
2.50 3.4829e-06
2.50 3.4020e-06
3.00 3.3959e-06
3.50 3.4030e-06
2.25 3.4289e-06
2.75 3.3899e-06
4.00 3.4053e-06
3.75 3.4452e-06
3.25 3.4494e-06
3.00 3.4254e-06
3.25 3.4281e-06
2.75 3.4427e-06
2.25 3.4637e-06
2.50 3.4305e-06
3.75 3.4287e-06
2.50 3.4620e-06
3.00 3.4552e-06
4.00 3.4594e-06
2.75 3.4001e-06
3.50 3.4175e-06
4.25 3.4496e-06
3.25 3.4633e-06
3.75 3.4547e-06
4.00 3.4053e-06
3.00 3.3742e-06
2.25 3.4208e-06
2.50 3.4857e-06
2.75 3.4498e-06
2.50 3.4409e-06
3.25 3.4163e-06
3.00 3.4230e-06
2.75 3.4016e-06
3.75 3.4427e-06
2.25 3.4109e-06
3.50 3.4876e-06
2.50 3.4356e-06
3.25 3.4238e-06
4.00 3.4226e-06
2.50 3.4416e-06
3.00 3.4476e-06
2.75 3.4692e-06
3.75 3.4597e-06
4.25 3.4179e-06
4.00 3.4756e-06
2.75 3.4212e-06
3.50 3.4286e-06
3.00 3.4231e-06
2.25 3.4595e-06
2.50 3.4308e-06
2.50 3.4149e-06
3.75 3.4672e-06
3.50 3.4102e-06
3.00 3.4318e-06
3.25 3.3866e-06
2.75 3.4160e-06
3.75 3.4118e-06
4.00 3.4556e-06
2.75 3.4779e-06
3.00 3.3919e-06
4.00 3.4608e-06
2.50 3.4423e-06
2.50 3.4337e-06
3.50 3.3900e-06
4.25 3.4650e-06
3.00 3.4638e-06
4.50 3.4397e-06
3.50 3.4405e-06
2.75 3.4383e-06
3.75 3.4118e-06
3.25 3.4689e-06
2.75 3.4047e-06
2.50 3.4390e-06
3.00 3.4087e-06
3.75 3.4543e-06
3.00 3.4301e-06
4.00 3.4303e-06
4.00 3.4288e-06
3.50 3.4339e-06
2.75 3.4542e-06
4.50 3.4453e-06
3.50 3.4392e-06
4.25 3.4234e-06
3.25 3.4189e-06
2.75 3.4605e-06
2.50 3.4273e-06
3.75 3.4372e-06
4.50 3.4874e-06
3.00 3.4792e-06
3.00 3.4777e-06
3.75 3.4476e-06
2.75 3.4538e-06
3.50 3.4165e-06
2.50 3.4122e-06
3.25 3.4437e-06
4.00 3.4287e-06
2.75 3.4082e-06
4.00 3.4153e-06
3.50 3.4460e-06
3.00 3.4754e-06
3.75 3.4100e-06
4.25 3.4241e-06
4.50 3.4102e-06
2.75 3.4150e-06
3.00 3.4249e-06
2.50 3.4486e-06
4.50 3.4023e-06
3.75 3.4660e-06
3.50 3.4279e-06
2.75 3.4463e-06
3.25 3.4293e-06
3.50 3.4192e-06
4.00 3.4497e-06
3.00 3.4277e-06
4.00 3.4548e-06
2.75 3.4044e-06
3.75 3.4447e-06
2.50 3.4198e-06
3.00 3.4314e-06
2.75 3.4237e-06
4.25 3.4455e-06
3.50 3.4180e-06
4.50 3.4027e-06
3.75 3.4117e-06
3.25 3.4093e-06
3.50 3.4189e-06
4.50 3.4123e-06
2.75 3.4037e-06
3.00 3.4287e-06
2.50 3.4057e-06
3.00 3.4562e-06
4.00 3.4259e-06
4.00 3.4429e-06
2.75 3.4221e-06
3.75 3.4184e-06
3.50 3.4173e-06
3.25 3.4529e-06
2.50 3.3883e-06
4.25 3.4295e-06
2.75 3.4688e-06
3.75 3.4256e-06
3.50 3.4136e-06
3.00 3.4453e-06
3.00 3.4488e-06
4.50 3.4196e-06
2.75 3.4778e-06
4.50 3.4278e-06
3.75 3.4290e-06
4.00 3.4377e-06
2.50 3.3993e-06
4.00 3.4331e-06
2.75 3.4233e-06
3.50 3.4530e-06
3.25 3.4155e-06
3.00 3.4280e-06
2.75 3.4506e-06
3.00 3.4456e-06
3.50 3.4217e-06
4.25 3.4114e-06
3.75 3.4513e-06
2.50 3.4035e-06
4.50 3.4435e-06
4.50 3.4472e-06
2.75 3.4148e-06
3.75 3.4613e-06
3.00 3.4303e-06
3.25 3.4553e-06
2.75 3.4351e-06
4.00 3.4149e-06
3.50 3.4191e-06
4.00 3.4434e-06
3.00 3.4590e-06
3.50 3.4264e-06
2.50 3.4226e-06
3.75 3.4343e-06
4.25 3.4196e-06
2.75 3.3793e-06
2.75 3.4685e-06
3.00 3.4225e-06
4.50 3.4589e-06
3.25 3.4111e-06
3.75 3.4527e-06
3.50 3.4824e-06
2.50 3.4744e-06
3.00 3.4248e-06
4.50 3.4585e-06
3.50 3.4466e-06
4.00 3.4324e-06
4.00 3.4451e-06
2.75 3.4061e-06
3.75 3.3992e-06
2.75 3.4222e-06
2.50 3.3989e-06
4.25 3.4673e-06
3.00 3.4465e-06
3.25 3.4203e-06
3.00 3.4179e-06
3.50 3.4136e-06
3.75 3.4302e-06
4.50 3.4137e-06
2.75 3.4658e-06
3.50 3.4124e-06
2.75 3.3764e-06
4.00 3.4780e-06
4.50 3.3992e-06
4.00 3.4105e-06
3.75 3.4195e-06
3.00 3.4652e-06
3.25 3.4465e-06
3.25 3.4439e-06
4.25 3.4305e-06
2.75 3.4727e-06
3.50 3.4842e-06
2.75 3.4417e-06
4.75 3.4037e-06
3.75 3.4607e-06
3.50 3.4485e-06
4.50 3.4377e-06
3.00 3.4222e-06
4.00 3.4232e-06
3.75 3.4048e-06
4.25 3.4169e-06
4.50 3.4452e-06
3.25 3.4383e-06
2.75 3.4307e-06
3.25 3.3925e-06
2.75 3.4433e-06
3.50 3.4491e-06
4.25 3.4305e-06
3.50 3.4029e-06
3.75 3.4298e-06
3.00 3.3879e-06
4.75 3.4733e-06
2.75 3.4448e-06
3.25 3.4003e-06
3.75 3.4617e-06
2.75 3.4535e-06
4.00 3.3956e-06
4.50 3.4444e-06
3.25 3.4266e-06
4.50 3.4408e-06
4.25 3.4438e-06
3.50 3.4547e-06
3.00 3.4640e-06
3.50 3.4004e-06
2.75 3.4462e-06
3.75 3.3829e-06
2.75 3.4219e-06
4.25 3.4391e-06
3.25 3.4197e-06
3.75 3.4252e-06
3.25 3.4100e-06
4.00 3.4677e-06
3.50 3.4597e-06
4.75 3.4589e-06
3.00 3.4190e-06
4.50 3.4475e-06
4.25 3.4287e-06
3.50 3.4240e-06
2.75 3.4791e-06
2.75 3.4299e-06
4.50 3.4584e-06
3.75 3.4323e-06
3.25 3.4724e-06
4.25 3.4456e-06
3.25 3.4348e-06
3.75 3.4162e-06
3.00 3.4444e-06
3.50 3.4049e-06
2.75 3.4270e-06
4.00 3.4292e-06
3.50 3.4351e-06
4.50 3.4120e-06
4.75 3.4152e-06
4.25 3.4170e-06
3.75 3.4215e-06
4.50 3.4137e-06
3.25 3.4086e-06
4.75 3.4676e-06
3.25 3.4285e-06
3.00 3.4333e-06
2.75 3.4312e-06
4.25 3.4222e-06
3.75 3.3988e-06
3.50 3.4635e-06
4.00 3.4088e-06
3.50 3.4694e-06
3.25 3.4431e-06
2.75 3.4598e-06
4.50 3.4423e-06
3.75 3.4623e-06
3.00 3.4003e-06
4.25 3.4308e-06
3.25 3.4208e-06
4.75 3.4086e-06
4.50 3.4289e-06
4.75 3.4147e-06
3.50 3.4488e-06
3.75 3.3980e-06
4.25 3.4360e-06
4.00 3.4296e-06
3.50 3.4156e-06
2.75 3.4450e-06
3.25 3.4530e-06
3.00 3.4405e-06
3.75 3.4240e-06
3.25 3.4642e-06
4.25 3.4213e-06
4.50 3.4749e-06
3.50 3.4645e-06
3.75 3.4805e-06
2.75 3.4479e-06
4.50 3.4436e-06
4.75 3.4553e-06
3.50 3.4336e-06
3.00 3.4123e-06
3.25 3.4435e-06
4.00 3.4149e-06
4.75 3.4390e-06
4.25 3.4106e-06
3.25 3.4191e-06
3.75 3.4646e-06
2.75 3.4659e-06
3.50 3.4102e-06
4.25 3.4125e-06
3.75 3.4630e-06
4.50 3.4408e-06
3.00 3.4493e-06
3.50 3.4066e-06
3.25 3.4133e-06
4.50 3.4325e-06
3.25 3.4859e-06
4.00 3.4486e-06
4.75 3.4289e-06
4.25 3.4255e-06
4.75 3.4349e-06
3.75 3.4193e-06
3.00 3.4149e-06
3.50 3.4302e-06
3.75 3.4237e-06
3.50 3.4572e-06
3.25 3.4139e-06
4.25 3.4357e-06
3.25 3.4237e-06
5.00 3.4319e-06
4.50 3.4307e-06
4.00 3.4187e-06
4.50 3.4070e-06
4.25 3.4334e-06
3.75 3.4297e-06
3.00 3.4187e-06
4.75 3.4452e-06
3.50 3.4529e-06
4.75 3.4440e-06
3.50 3.4161e-06
3.75 3.4192e-06
3.25 3.4166e-06
3.25 3.4893e-06
4.50 3.4562e-06
4.25 3.4384e-06
4.00 3.4619e-06
3.00 3.4450e-06
5.00 3.4379e-06
3.75 3.4566e-06
4.50 3.4273e-06
3.50 3.4395e-06
4.25 3.4450e-06
3.50 3.4314e-06
3.25 3.4453e-06
3.25 3.4260e-06
4.75 3.4278e-06
3.75 3.4519e-06
4.75 3.4379e-06
3.00 3.4221e-06
4.00 3.4241e-06
4.50 3.4304e-06
4.25 3.4675e-06
3.75 3.4442e-06
3.50 3.4013e-06
3.50 3.4745e-06
3.25 3.4333e-06
3.25 3.4611e-06
5.00 3.4265e-06
4.50 3.4033e-06
4.25 3.4199e-06
3.75 3.4172e-06
3.00 3.4029e-06
4.75 3.4643e-06
4.75 3.4357e-06
3.50 3.4175e-06
3.75 3.4420e-06
3.25 3.4700e-06
4.25 3.4062e-06
4.00 3.4256e-06
3.50 3.4592e-06
3.25 3.4534e-06
4.50 3.3921e-06
3.00 3.4104e-06
3.75 3.4411e-06
4.50 3.4103e-06
4.25 3.4500e-06
5.00 3.4041e-06
3.50 3.3998e-06
3.25 3.4012e-06
3.25 3.4144e-06
4.75 3.4776e-06
4.75 3.4314e-06
3.50 3.4397e-06
3.75 3.4424e-06
4.00 3.4440e-06
4.25 3.4166e-06
3.00 3.4752e-06
4.50 3.4217e-06
3.75 3.4143e-06
4.25 3.4135e-06
4.50 3.4143e-06
3.25 3.4260e-06
3.25 3.4554e-06
3.50 3.4560e-06
3.00 3.3980e-06
3.50 3.4579e-06
5.00 3.4154e-06
3.75 3.4326e-06
4.00 3.4265e-06
4.75 3.4194e-06
4.75 3.4175e-06
4.25 3.4395e-06
3.75 3.4464e-06
4.50 3.4204e-06
3.25 3.3974e-06
3.25 3.4419e-06
3.50 3.4163e-06
4.25 3.4013e-06
4.50 3.4233e-06
3.50 3.4328e-06
3.75 3.4129e-06
4.00 3.4097e-06
5.00 3.4716e-06
5.25 3.4342e-06
3.75 3.4651e-06
4.25 3.4487e-06
4.75 3.3850e-06
3.25 3.4020e-06
4.50 3.4576e-06
5.00 3.4184e-06
3.25 3.4739e-06
3.50 3.4221e-06
3.50 3.3851e-06
4.25 3.4220e-06
4.00 3.4168e-06
4.50 3.4043e-06
4.00 3.4218e-06
3.75 3.4214e-06
3.25 3.4177e-06
4.25 3.4543e-06
3.50 3.4021e-06
3.25 3.4105e-06
4.75 3.4643e-06
5.00 3.4194e-06
3.50 3.4345e-06
5.25 3.4582e-06
5.00 3.4190e-06
4.50 3.4228e-06
4.25 3.4474e-06
4.00 3.3935e-06
3.75 3.3953e-06
4.00 3.4692e-06
4.50 3.4051e-06
3.25 3.4372e-06
3.50 3.3967e-06
4.25 3.4028e-06
3.50 3.4241e-06
5.25 3.4405e-06
5.00 3.4195e-06
4.50 3.4651e-06
4.75 3.4351e-06
3.25 3.4729e-06
5.25 3.4138e-06
5.00 3.4276e-06
3.75 3.4763e-06
4.00 3.4296e-06
3.50 3.4794e-06
4.25 3.4666e-06
4.00 3.4150e-06
4.50 3.4713e-06
3.50 3.4700e-06
4.25 3.4472e-06
3.25 3.4026e-06
4.50 3.4197e-06
3.50 3.4658e-06
4.75 3.4016e-06
3.75 3.4288e-06
4.00 3.4171e-06
5.00 3.4444e-06
5.25 3.4342e-06
4.25 3.4140e-06
4.00 3.4335e-06
5.25 3.4554e-06
5.00 3.4170e-06
3.50 3.4243e-06
4.50 3.4564e-06
4.25 3.4469e-06
3.25 3.4475e-06
3.50 3.4248e-06
3.75 3.4141e-06
4.50 3.4260e-06
4.00 3.4358e-06
4.00 3.4323e-06
3.50 3.4677e-06
4.75 3.4477e-06
5.00 3.4378e-06
4.25 3.4377e-06
5.25 3.4375e-06
3.25 3.4045e-06
4.50 3.4255e-06
5.00 3.4373e-06
5.25 3.4294e-06
3.50 3.4313e-06
4.25 3.4569e-06
3.75 3.4265e-06
4.00 3.4196e-06
3.50 3.4247e-06
4.00 3.4463e-06
4.50 3.4269e-06
3.25 3.4552e-06
4.25 3.4399e-06
4.75 3.4014e-06
3.50 3.4486e-06
4.50 3.4113e-06
5.00 3.4226e-06
5.25 3.4142e-06
5.00 3.4321e-06
3.75 3.4158e-06
4.25 3.4143e-06
5.25 3.4475e-06
3.50 3.4343e-06
4.00 3.4223e-06
4.00 3.4132e-06
3.25 3.4132e-06
4.50 3.4424e-06
3.50 3.4186e-06
4.25 3.4506e-06
4.75 3.4465e-06
5.00 3.4225e-06
3.75 3.4564e-06
4.50 3.4483e-06
3.50 3.4514e-06
5.25 3.4485e-06
3.25 3.4387e-06
5.00 3.4181e-06
4.25 3.4241e-06
4.00 3.4295e-06
4.00 3.4475e-06
3.50 3.4368e-06
5.25 3.4100e-06
4.50 3.4362e-06
4.25 3.4126e-06
3.75 3.4120e-06
3.50 3.4436e-06
4.75 3.4140e-06
4.50 3.4291e-06
5.00 3.4155e-06
3.50 3.4107e-06
4.00 3.4117e-06
4.00 3.4256e-06
4.25 3.4619e-06
5.25 3.4240e-06
5.50 3.4552e-06
5.00 3.4441e-06
4.50 3.4352e-06
3.75 3.4647e-06
4.25 3.4411e-06
3.50 3.4406e-06
5.25 3.4265e-06
3.50 3.4511e-06
4.75 3.4616e-06
4.00 3.4245e-06
4.50 3.4386e-06
4.00 3.4662e-06
4.25 3.4301e-06
5.00 3.4191e-06
3.75 3.4215e-06
3.50 3.4493e-06
5.25 3.4484e-06
5.00 3.4333e-06
5.50 3.4353e-06
3.50 3.4592e-06
4.25 3.4851e-06
4.50 3.4357e-06
4.00 3.4361e-06
4.75 3.4176e-06
5.25 3.4505e-06
4.00 3.4126e-06
4.50 3.4233e-06
4.25 3.4047e-06
3.50 3.4326e-06
3.75 3.4239e-06
5.00 3.4371e-06
3.50 3.4236e-06
5.00 3.4875e-06
4.50 3.4198e-06
4.25 3.4341e-06
4.00 3.4394e-06
5.25 3.4635e-06
5.50 3.4525e-06
4.00 3.4280e-06
3.50 3.4116e-06
4.75 3.4305e-06
4.25 3.4242e-06
3.75 3.4467e-06
5.25 3.4310e-06
4.50 3.4411e-06
5.00 3.4423e-06
4.25 3.4355e-06
4.75 3.4181e-06
5.50 3.4323e-06
5.00 3.4006e-06
4.00 3.4185e-06
3.75 3.4234e-06
4.00 3.4442e-06
3.75 3.4412e-06
5.25 3.4444e-06
4.25 3.4051e-06
4.75 3.4413e-06
5.50 3.4116e-06
4.50 3.4687e-06
5.25 3.4090e-06
4.25 3.4581e-06
5.00 3.4237e-06
3.75 3.3936e-06
4.00 3.4568e-06
4.00 3.4543e-06
4.75 3.4165e-06
3.75 3.4055e-06
5.00 3.4116e-06
5.50 3.4349e-06
4.25 3.4122e-06
5.25 3.4307e-06
4.75 3.4212e-06
4.50 3.4232e-06
5.50 3.4694e-06
4.25 3.4273e-06
3.75 3.4317e-06
4.00 3.4048e-06
5.25 3.4164e-06
4.00 3.4507e-06
3.75 3.4265e-06
5.00 3.4373e-06
4.75 3.4277e-06
5.00 3.4187e-06
4.25 3.4094e-06
5.50 3.4342e-06
4.50 3.3942e-06
4.75 3.4059e-06
5.25 3.4512e-06
4.25 3.3846e-06
4.00 3.4009e-06
4.00 3.4126e-06
3.75 3.4753e-06
5.50 3.4675e-06
5.25 3.3980e-06
5.00 3.4108e-06
5.75 3.4660e-06
4.75 3.4180e-06
4.25 3.4167e-06
4.50 3.4601e-06
5.00 3.4348e-06
3.75 3.4098e-06
4.75 3.4196e-06
4.00 3.4564e-06
5.50 3.4297e-06
4.00 3.4266e-06
4.25 3.4235e-06
5.25 3.4412e-06
5.00 3.4075e-06
5.25 3.4142e-06
5.50 3.4256e-06
4.25 3.4067e-06
4.75 3.4327e-06
5.75 3.4108e-06
3.75 3.4415e-06
4.50 3.4306e-06
5.00 3.4641e-06
4.00 3.4483e-06
4.00 3.4452e-06
4.25 3.4234e-06
4.75 3.4647e-06
5.75 3.4141e-06
5.25 3.3932e-06
5.00 3.4203e-06
3.75 3.4366e-06
5.25 3.4314e-06
4.25 3.4032e-06
4.75 3.4288e-06
5.50 3.3893e-06
4.00 3.4630e-06
4.00 3.4665e-06
4.50 3.4026e-06
5.00 3.4040e-06
4.25 3.4626e-06
5.75 3.4173e-06
4.75 3.4249e-06
3.75 3.4485e-06
5.75 3.3968e-06
5.00 3.4453e-06
5.25 3.4222e-06
4.25 3.4715e-06
4.00 3.4090e-06
4.75 3.4178e-06
4.00 3.4152e-06
4.50 3.4197e-06
5.25 3.4245e-06
5.50 3.4499e-06
4.25 3.4194e-06
4.75 3.4184e-06
5.00 3.4512e-06
3.75 3.4187e-06
5.75 3.4314e-06
4.00 3.4366e-06
4.00 3.4246e-06
4.25 3.4556e-06
5.00 3.4510e-06
5.25 3.4238e-06
4.75 3.4412e-06
4.50 3.4065e-06
5.75 3.4324e-06
4.25 3.4559e-06
3.75 3.4328e-06
5.25 3.4431e-06
5.50 3.4300e-06
4.75 3.4389e-06
5.00 3.4298e-06
4.00 3.4114e-06
4.00 3.4566e-06
4.25 3.4311e-06
5.75 3.4278e-06
5.00 3.4267e-06
4.50 3.4506e-06
4.75 3.4376e-06
4.25 3.4254e-06
5.25 3.4553e-06
5.75 3.4173e-06
4.75 3.4403e-06
5.25 3.3964e-06
6.00 3.4566e-06
4.00 3.4526e-06
5.50 3.4063e-06
4.00 3.4276e-06
5.00 3.4522e-06
4.25 3.4120e-06
4.50 3.4141e-06
5.00 3.4369e-06
4.25 3.4253e-06
4.75 3.4872e-06
5.75 3.4280e-06
4.00 3.4165e-06
5.25 3.4244e-06
4.00 3.3994e-06
4.75 3.4243e-06
5.75 3.4413e-06
5.25 3.4800e-06
5.50 3.4204e-06
5.00 3.4084e-06
6.00 3.4173e-06
4.25 3.4501e-06
4.25 3.4267e-06
4.50 3.4634e-06
5.00 3.4126e-06
4.75 3.4053e-06
4.00 3.4355e-06
4.00 3.4215e-06
5.25 3.4611e-06
5.75 3.4312e-06
4.75 3.4294e-06
5.25 3.4563e-06
4.25 3.4281e-06
5.00 3.4263e-06
5.75 3.4322e-06
5.50 3.4131e-06
4.25 3.4428e-06
4.50 3.4197e-06
6.00 3.4408e-06
4.00 3.4776e-06
5.00 3.4450e-06
4.75 3.4128e-06
4.75 3.4149e-06
5.25 3.4166e-06
6.00 3.4241e-06
4.25 3.4457e-06
4.25 3.4341e-06
5.25 3.4127e-06
5.75 3.4032e-06
5.00 3.4459e-06
5.50 3.4500e-06
4.00 3.4470e-06
4.50 3.4239e-06
5.75 3.4151e-06
5.00 3.4172e-06
4.75 3.4220e-06
6.00 3.4493e-06
4.25 3.4169e-06
4.75 3.4181e-06
5.25 3.4480e-06
4.25 3.4401e-06
4.00 3.4360e-06
6.00 3.4519e-06
5.00 3.4264e-06
4.50 3.4478e-06
5.25 3.4110e-06
5.75 3.4213e-06
5.50 3.4070e-06
5.75 3.4441e-06
5.00 3.4442e-06
4.75 3.4394e-06
4.25 3.4420e-06
4.75 3.4313e-06
6.00 3.4291e-06
4.25 3.4303e-06
4.00 3.4533e-06
5.25 3.4260e-06
4.50 3.4208e-06
5.00 3.4114e-06
6.00 3.4381e-06
5.25 3.4512e-06
5.50 3.4565e-06
5.75 3.4299e-06
5.00 3.4616e-06
4.25 3.4668e-06
4.75 3.4588e-06
5.75 3.4525e-06
4.75 3.4355e-06
4.00 3.4406e-06
4.25 3.4129e-06
4.50 3.4114e-06
6.00 3.4024e-06
5.25 3.4509e-06
5.00 3.4172e-06
5.25 3.4353e-06
6.00 3.4475e-06
5.50 3.4189e-06
4.25 3.4244e-06
5.00 3.4457e-06
4.75 3.3988e-06
5.75 3.4354e-06
4.50 3.4221e-06
4.75 3.4221e-06
5.75 3.4804e-06
4.50 3.4240e-06
6.25 3.4708e-06
5.25 3.4375e-06
5.00 3.4041e-06
4.25 3.3924e-06
6.00 3.4147e-06
4.50 3.4522e-06
5.25 3.4542e-06
4.75 3.4464e-06
5.00 3.4297e-06
5.50 3.4302e-06
4.75 3.4391e-06
6.00 3.4368e-06
5.75 3.4240e-06
4.50 3.4783e-06
5.75 3.4073e-06
4.25 3.4638e-06
6.25 3.4293e-06
5.25 3.4328e-06
4.50 3.4319e-06
5.00 3.4127e-06
6.00 3.4030e-06
4.75 3.4328e-06
5.25 3.4289e-06
5.00 3.4502e-06
4.50 3.4284e-06
5.50 3.4389e-06
4.75 3.4129e-06
6.00 3.4451e-06
5.75 3.4319e-06
4.25 3.4351e-06
5.75 3.4056e-06
4.50 3.4175e-06
5.00 3.4218e-06
5.25 3.4327e-06
4.75 3.4605e-06
6.25 3.3885e-06
5.00 3.4393e-06
4.50 3.4223e-06
5.25 3.4654e-06
4.75 3.4045e-06
5.50 3.4322e-06
6.00 3.4165e-06
4.25 3.3996e-06
5.75 3.3993e-06
6.00 3.4387e-06
4.50 3.4254e-06
5.75 3.4143e-06
5.00 3.4295e-06
5.25 3.4223e-06
4.75 3.4082e-06
4.50 3.4427e-06
5.00 3.3891e-06
4.75 3.4172e-06
5.25 3.4737e-06
4.25 3.4468e-06
6.25 3.4417e-06
5.50 3.4013e-06
6.00 3.4260e-06
4.50 3.4258e-06
5.75 3.4051e-06
6.00 3.3930e-06
4.75 3.4340e-06
5.00 3.4360e-06
4.50 3.4454e-06
4.75 3.4445e-06
5.75 3.4393e-06
5.50 3.4158e-06
5.00 3.4210e-06
5.25 3.4182e-06
5.50 3.4112e-06
4.50 3.4181e-06
6.50 3.3980e-06
6.25 3.4439e-06
6.00 3.4296e-06
4.75 3.4448e-06
4.50 3.4226e-06
5.00 3.3999e-06
5.75 3.4392e-06
4.75 3.4540e-06
6.00 3.4223e-06
5.00 3.4250e-06
5.50 3.4004e-06
5.75 3.4732e-06
5.25 3.3936e-06
4.50 3.4405e-06
5.50 3.4635e-06
4.50 3.4309e-06
4.75 3.4268e-06
4.75 3.4175e-06
5.00 3.4762e-06
6.00 3.4220e-06
6.25 3.4070e-06
6.50 3.4397e-06
5.75 3.4387e-06
5.00 3.4548e-06
6.00 3.4250e-06
5.50 3.4288e-06
5.75 3.4172e-06
5.25 3.4586e-06
5.50 3.4166e-06
4.50 3.4129e-06
4.75 3.4414e-06
4.75 3.4053e-06
6.50 3.4434e-06
5.00 3.4595e-06
5.00 3.4220e-06
6.00 3.4002e-06
5.75 3.4341e-06
6.25 3.4101e-06
6.50 3.4112e-06
6.00 3.4403e-06
5.50 3.4179e-06
4.50 3.4205e-06
5.75 3.4550e-06
5.25 3.4286e-06
4.75 3.4212e-06
5.50 3.4207e-06
4.75 3.4147e-06
5.00 3.4165e-06
6.50 3.4294e-06
5.00 3.4640e-06
5.75 3.4359e-06
4.50 3.4296e-06
6.00 3.4637e-06
6.25 3.4056e-06
5.50 3.4401e-06
4.75 3.4451e-06
6.00 3.4428e-06
6.50 3.4407e-06
4.75 3.4059e-06
5.25 3.4061e-06
5.75 3.4264e-06
5.50 3.4370e-06
5.00 3.4126e-06
5.00 3.4141e-06
4.50 3.4428e-06
6.50 3.4020e-06
5.75 3.4340e-06
4.75 3.4156e-06
6.00 3.4498e-06
4.75 3.4114e-06
5.50 3.4299e-06
5.25 3.4117e-06
6.00 3.4548e-06
6.25 3.4438e-06
5.75 3.4516e-06
5.50 3.4326e-06
5.00 3.4500e-06
6.50 3.4376e-06
5.00 3.4426e-06
4.50 3.4245e-06
4.75 3.4415e-06
6.50 3.4171e-06
5.75 3.4495e-06
4.75 3.4157e-06
5.50 3.4143e-06
6.00 3.4238e-06
5.25 3.4104e-06
5.00 3.4328e-06
5.00 3.4405e-06
5.75 3.4146e-06
6.25 3.4049e-06
6.00 3.4212e-06
5.50 3.4267e-06
6.50 3.4160e-06
4.75 3.4726e-06
6.75 3.4032e-06
4.75 3.4273e-06
5.75 3.4667e-06
5.50 3.4439e-06
5.25 3.4485e-06
6.50 3.4311e-06
5.00 3.4436e-06
6.00 3.4113e-06
5.00 3.4518e-06
5.50 3.4313e-06
5.75 3.4368e-06
6.25 3.4434e-06
6.00 3.4566e-06
4.75 3.4405e-06
4.75 3.4034e-06
6.50 3.4394e-06
5.50 3.4293e-06
5.75 3.4238e-06
5.00 3.4342e-06
5.25 3.4078e-06
6.75 3.4211e-06
5.00 3.4261e-06
6.00 3.4580e-06
6.50 3.4310e-06
5.75 3.4504e-06
5.50 3.4110e-06
4.75 3.4318e-06
6.25 3.4205e-06
6.00 3.4191e-06
6.50 3.4458e-06
6.75 3.4406e-06
5.00 3.4378e-06
5.00 3.4412e-06
5.25 3.4605e-06
5.50 3.4836e-06
5.75 3.4518e-06
4.75 3.4446e-06
6.00 3.4345e-06
6.75 3.4062e-06
5.75 3.4312e-06
5.50 3.4229e-06
6.50 3.4204e-06
6.00 3.4577e-06
6.25 3.4295e-06
5.00 3.4303e-06
6.50 3.4708e-06
5.00 3.4758e-06
5.25 3.4207e-06
5.50 3.4159e-06
4.75 3.4344e-06
6.75 3.4305e-06
5.75 3.4424e-06
6.00 3.4591e-06
5.50 3.4350e-06
5.75 3.4060e-06
6.75 3.4218e-06
6.50 3.4345e-06
6.00 3.4332e-06
5.00 3.4127e-06
6.25 3.4358e-06
5.00 3.4187e-06
4.75 3.3931e-06
5.25 3.4337e-06
5.50 3.4083e-06
6.50 3.4228e-06
5.75 3.4445e-06
6.75 3.4060e-06
5.50 3.4357e-06
6.00 3.4179e-06
5.75 3.4139e-06
5.25 3.4181e-06
6.50 3.4078e-06
6.75 3.4285e-06
6.00 3.4279e-06
4.75 3.4233e-06
5.00 3.3918e-06
6.25 3.4284e-06
5.50 3.4165e-06
5.25 3.4389e-06
6.50 3.4107e-06
5.75 3.4318e-06
5.50 3.4228e-06
6.00 3.4662e-06
6.75 3.4212e-06
5.75 3.4032e-06
5.25 3.3986e-06
4.75 3.4247e-06
5.00 3.4609e-06
6.00 3.4304e-06
6.50 3.4029e-06
6.75 3.4320e-06
5.25 3.4296e-06
5.50 3.4382e-06
6.25 3.4060e-06
5.50 3.4264e-06
5.75 3.4437e-06
6.50 3.4177e-06
6.00 3.4641e-06
5.25 3.4254e-06
4.75 3.4554e-06
5.75 3.4158e-06
5.00 3.4341e-06
6.75 3.4227e-06
5.25 3.4047e-06
6.00 3.4332e-06
6.50 3.4438e-06
5.50 3.4574e-06
6.75 3.4157e-06
6.25 3.4149e-06
5.50 3.4063e-06
5.75 3.4428e-06
4.75 3.4226e-06
6.00 3.4289e-06
5.00 3.4025e-06
5.25 3.4176e-06
5.75 3.4311e-06
6.50 3.4375e-06
5.25 3.4116e-06
6.75 3.4374e-06
6.25 3.4173e-06
5.50 3.4181e-06
6.50 3.4398e-06
6.75 3.4009e-06
5.50 3.4049e-06
5.00 3.4450e-06
6.25 3.4609e-06
5.75 3.3946e-06
6.00 3.3894e-06
5.25 3.4336e-06
5.75 3.4311e-06
5.25 3.4703e-06
7.00 3.4115e-06
6.50 3.4625e-06
5.50 3.4613e-06
6.75 3.4458e-06
6.25 3.4016e-06
5.00 3.4085e-06
5.50 3.4330e-06
6.50 3.4465e-06
5.25 3.4308e-06
6.75 3.4634e-06
6.25 3.4151e-06
5.75 3.4195e-06
6.00 3.4488e-06
5.75 3.4405e-06
5.25 3.4144e-06
7.00 3.4114e-06
5.50 3.4298e-06
5.00 3.4455e-06
6.50 3.4117e-06
6.25 3.4379e-06
6.75 3.4459e-06
5.50 3.4422e-06
5.25 3.4195e-06
6.25 3.4193e-06
6.50 3.4361e-06
5.25 3.4208e-06
5.75 3.3993e-06
5.75 3.4278e-06
6.00 3.4428e-06
6.75 3.4466e-06
5.00 3.4104e-06
5.50 3.4488e-06
5.50 3.4344e-06
7.00 3.4033e-06
5.25 3.4416e-06
6.50 3.4503e-06
6.25 3.4124e-06
6.75 3.4228e-06
5.25 3.4421e-06
6.50 3.4419e-06
5.75 3.4617e-06
6.25 3.4371e-06
6.00 3.4071e-06
5.75 3.4505e-06
6.75 3.4135e-06
5.00 3.4598e-06
5.50 3.4128e-06
5.50 3.4398e-06
5.25 3.4328e-06
5.25 3.4343e-06
6.25 3.4391e-06
6.50 3.4242e-06
7.00 3.4424e-06
6.75 3.4515e-06
5.75 3.4526e-06
6.50 3.4576e-06
5.00 3.4193e-06
6.25 3.4279e-06
6.00 3.4060e-06
5.75 3.4218e-06
5.50 3.4348e-06
6.75 3.4188e-06
5.50 3.4317e-06
5.25 3.4920e-06
5.25 3.4205e-06
6.25 3.4345e-06
5.75 3.4159e-06
6.50 3.4552e-06
6.25 3.4408e-06
5.75 3.4588e-06
6.00 3.4039e-06
5.50 3.4481e-06
7.00 3.4094e-06
6.75 3.4230e-06
6.50 3.4584e-06
7.25 3.4099e-06
5.50 3.4447e-06
5.25 3.4036e-06
6.75 3.4569e-06
5.25 3.4284e-06
5.75 3.4103e-06
6.25 3.4197e-06
5.75 3.4180e-06
6.50 3.4137e-06
6.00 3.4461e-06
6.25 3.4314e-06
5.50 3.4319e-06
6.75 3.4635e-06
6.50 3.4269e-06
5.25 3.4135e-06
5.50 3.4653e-06
7.00 3.4458e-06
5.25 3.4094e-06
7.25 3.4299e-06
6.75 3.4334e-06
5.75 3.4566e-06
6.25 3.4415e-06
5.50 3.4086e-06
5.75 3.4614e-06
6.00 3.4020e-06
6.50 3.4263e-06
5.25 3.4139e-06
6.25 3.4041e-06
5.50 3.4248e-06
6.50 3.4390e-06
5.25 3.4180e-06
6.75 3.4377e-06
7.00 3.4335e-06
6.75 3.4535e-06
7.25 3.4466e-06
5.75 3.4372e-06
5.50 3.4149e-06
6.25 3.4497e-06
5.50 3.4503e-06
5.75 3.4217e-06
6.00 3.4462e-06
6.25 3.4154e-06
5.25 3.4367e-06
6.50 3.4505e-06
6.50 3.4361e-06
7.25 3.4315e-06
6.75 3.4199e-06
7.00 3.4191e-06
5.75 3.4545e-06
5.50 3.4000e-06
6.75 3.4148e-06
5.50 3.4495e-06
6.00 3.4220e-06
5.75 3.4545e-06
6.25 3.4770e-06
7.25 3.4536e-06
5.25 3.4383e-06
6.25 3.4304e-06
6.50 3.4242e-06
6.50 3.4484e-06
6.75 3.4306e-06
7.25 3.4253e-06
5.75 3.4065e-06
5.50 3.4134e-06
7.00 3.4333e-06
6.75 3.4563e-06
6.00 3.4252e-06
5.50 3.4473e-06
5.75 3.4317e-06
5.25 3.4202e-06
6.25 3.4234e-06
6.25 3.4295e-06
7.25 3.4265e-06
6.50 3.4376e-06
6.50 3.4009e-06
6.75 3.4276e-06
5.50 3.4308e-06
5.75 3.4700e-06
7.00 3.4319e-06
5.25 3.4217e-06
7.25 3.4239e-06
6.00 3.4370e-06
6.75 3.4623e-06
5.50 3.4272e-06
5.75 3.4308e-06
6.25 3.4079e-06
6.25 3.4263e-06
6.50 3.4152e-06
5.75 3.4680e-06
6.50 3.4395e-06
5.50 3.4284e-06
7.25 3.4095e-06
5.25 3.4092e-06
7.00 3.4223e-06
6.00 3.4316e-06
5.75 3.4343e-06
5.50 3.4473e-06
6.75 3.4276e-06
7.00 3.4092e-06
7.25 3.4115e-06
6.25 3.4147e-06
6.25 3.4233e-06
5.50 3.4401e-06
5.75 3.4254e-06
6.50 3.4371e-06
5.25 3.4057e-06
6.50 3.4018e-06
7.25 3.4209e-06
5.50 3.4501e-06
6.00 3.4019e-06
7.00 3.4015e-06
5.75 3.4327e-06
6.25 3.4371e-06
6.75 3.3889e-06
7.00 3.4181e-06
5.50 3.3992e-06
6.25 3.4057e-06
5.75 3.3889e-06
7.25 3.4033e-06
5.25 3.4275e-06
6.50 3.4005e-06
6.50 3.4184e-06
5.50 3.3965e-06
6.00 3.4151e-06
6.00 3.4156e-06
7.25 3.4352e-06
7.00 3.4384e-06
5.50 3.4719e-06
6.25 3.4667e-06
6.75 3.4429e-06
5.75 3.4480e-06
5.25 3.4451e-06
7.00 3.4480e-06
6.25 3.4005e-06
6.50 3.4174e-06
7.25 3.4438e-06
5.50 3.4211e-06
6.50 3.4233e-06
6.00 3.3991e-06
6.00 3.4627e-06
5.50 3.4573e-06
7.00 3.4138e-06
7.25 3.4676e-06
6.25 3.4122e-06
5.75 3.4397e-06
6.75 3.4444e-06
7.00 3.4093e-06
6.25 3.4433e-06
7.50 3.4321e-06
6.50 3.4271e-06
5.50 3.4238e-06
7.25 3.4351e-06
6.00 3.4353e-06
6.50 3.4334e-06
6.00 3.4139e-06
5.50 3.4119e-06
5.75 3.4084e-06
6.25 3.4537e-06
7.00 3.4427e-06
7.25 3.4058e-06
6.75 3.4108e-06
6.25 3.4408e-06
5.50 3.4496e-06
7.00 3.4176e-06
6.50 3.4313e-06
6.00 3.4135e-06
7.50 3.4212e-06
6.00 3.4184e-06
5.50 3.4106e-06
6.50 3.4211e-06
7.25 3.4459e-06
5.75 3.4091e-06
6.25 3.4217e-06
7.00 3.4416e-06
5.50 3.4222e-06
6.25 3.4421e-06
7.25 3.4480e-06
6.75 3.4144e-06
6.00 3.4414e-06
6.50 3.4468e-06
7.00 3.4286e-06
6.00 3.4334e-06
7.50 3.4017e-06
6.50 3.3986e-06
5.75 3.4048e-06
7.50 3.4448e-06
6.25 3.4551e-06
7.25 3.4380e-06
5.50 3.4602e-06
7.00 3.4085e-06
6.25 3.4361e-06
6.75 3.4049e-06
6.00 3.4323e-06
7.25 3.4233e-06
6.00 3.4299e-06
6.50 3.4474e-06
5.75 3.4458e-06
7.00 3.4299e-06
6.50 3.4660e-06
7.50 3.4569e-06
6.25 3.4144e-06
5.50 3.4199e-06
7.50 3.4229e-06
7.25 3.4381e-06
6.25 3.4408e-06
7.00 3.4344e-06
6.00 3.4149e-06
6.75 3.4454e-06
6.00 3.4222e-06
6.50 3.4225e-06
5.75 3.4023e-06
7.25 3.4551e-06
6.50 3.4479e-06
5.50 3.4502e-06
6.25 3.4281e-06
7.00 3.4391e-06
7.50 3.4457e-06
7.50 3.4406e-06
6.25 3.4521e-06
6.00 3.4442e-06
7.25 3.4563e-06
7.00 3.4451e-06
6.00 3.4308e-06
6.75 3.4078e-06
5.75 3.4481e-06
6.50 3.4541e-06
5.50 3.4224e-06
7.25 3.4140e-06
6.25 3.4530e-06
7.00 3.4291e-06
6.50 3.4158e-06
7.50 3.4130e-06
6.25 3.4587e-06
6.00 3.4013e-06
7.50 3.4262e-06
6.00 3.4301e-06
5.75 3.4250e-06
5.50 3.4525e-06
7.00 3.4564e-06
7.25 3.4428e-06
6.75 3.4471e-06
6.50 3.4188e-06
6.25 3.4270e-06
7.25 3.4320e-06
7.00 3.4067e-06
6.50 3.4149e-06
5.75 3.4269e-06
6.25 3.4278e-06
6.00 3.4828e-06
6.00 3.4137e-06
7.50 3.4490e-06
7.50 3.4145e-06
6.50 3.4565e-06
6.75 3.4280e-06
7.00 3.4264e-06
7.25 3.4241e-06
6.25 3.4004e-06
7.75 3.4460e-06
7.00 3.4175e-06
6.50 3.4633e-06
7.25 3.4583e-06
6.00 3.4188e-06
5.75 3.4403e-06
6.00 3.4319e-06
6.25 3.4497e-06
7.50 3.4576e-06
7.50 3.4576e-06
6.50 3.4365e-06
7.00 3.4092e-06
6.25 3.4145e-06
7.25 3.4430e-06
6.75 3.4208e-06
5.75 3.4306e-06
6.00 3.4019e-06
7.00 3.4307e-06
6.50 3.4303e-06
7.25 3.4087e-06
6.00 3.4307e-06
7.75 3.4309e-06
6.25 3.4345e-06
6.50 3.4223e-06
6.25 3.4033e-06
7.50 3.4638e-06
7.50 3.4323e-06
6.75 3.4336e-06
7.00 3.4193e-06
7.25 3.4286e-06
5.75 3.3982e-06
6.00 3.4135e-06
6.00 3.4240e-06
6.50 3.4562e-06
7.00 3.4320e-06
7.25 3.4071e-06
6.25 3.4485e-06
7.75 3.4211e-06
6.25 3.4181e-06
6.50 3.4293e-06
5.75 3.4118e-06
7.50 3.4347e-06
6.75 3.4332e-06
6.00 3.4376e-06
7.00 3.4317e-06
7.50 3.4487e-06
6.00 3.4261e-06
7.25 3.4491e-06
6.50 3.4224e-06
7.00 3.4218e-06
6.25 3.4421e-06
7.25 3.4225e-06
6.25 3.4258e-06
7.75 3.4299e-06
6.50 3.4246e-06
6.00 3.4775e-06
6.00 3.4046e-06
6.75 3.4062e-06
7.00 3.4636e-06
7.50 3.4184e-06
8.00 3.4058e-06
6.50 3.4533e-06
7.50 3.4166e-06
7.25 3.4354e-06
7.00 3.4309e-06
6.25 3.4420e-06
7.25 3.4085e-06
6.25 3.4271e-06
6.75 3.4197e-06
6.00 3.4158e-06
6.00 3.4030e-06
7.75 3.4296e-06
6.75 3.4179e-06
7.50 3.4302e-06
7.00 3.4085e-06
6.50 3.4720e-06
7.50 3.4632e-06
8.00 3.4259e-06
6.25 3.4371e-06
7.25 3.4401e-06
7.00 3.4118e-06
6.25 3.4198e-06
7.25 3.4263e-06
6.00 3.4496e-06
6.75 3.4023e-06
6.00 3.4410e-06
6.75 3.4520e-06
7.75 3.4198e-06
7.00 3.4465e-06
6.50 3.4264e-06
7.50 3.4302e-06
6.25 3.3980e-06
7.50 3.4553e-06
7.25 3.4297e-06
8.00 3.4340e-06
6.25 3.3996e-06
6.00 3.4191e-06
7.00 3.4007e-06
6.00 3.4401e-06
6.75 3.4392e-06
7.25 3.4209e-06
6.75 3.4102e-06
6.50 3.3882e-06
6.25 3.4192e-06
7.75 3.4172e-06
7.00 3.4245e-06
7.75 3.4288e-06
6.00 3.4384e-06
7.50 3.4237e-06
6.25 3.4652e-06
7.25 3.4075e-06
7.00 3.4435e-06
8.00 3.4689e-06
6.75 3.4117e-06
8.00 3.4477e-06
6.75 3.4170e-06
7.25 3.4337e-06
6.50 3.4436e-06
6.25 3.4253e-06
7.00 3.4526e-06
7.75 3.4468e-06
6.00 3.4369e-06
6.25 3.4482e-06
7.75 3.4033e-06
7.25 3.4187e-06
7.50 3.3985e-06
7.00 3.4347e-06
6.75 3.4407e-06
8.00 3.4088e-06
6.75 3.4562e-06
6.50 3.4429e-06
6.25 3.4378e-06
8.00 3.4324e-06
7.25 3.4200e-06
7.00 3.4163e-06
6.00 3.4394e-06
6.25 3.4216e-06
7.75 3.4093e-06
7.00 3.4462e-06
7.75 3.4353e-06
7.50 3.4369e-06
7.25 3.4209e-06
6.75 3.4424e-06
6.75 3.4332e-06
6.25 3.4310e-06
6.50 3.4107e-06
8.00 3.4496e-06
6.00 3.4540e-06
7.25 3.3995e-06
7.00 3.4247e-06
8.00 3.4420e-06
6.25 3.4098e-06
7.00 3.4296e-06
7.75 3.4221e-06
6.75 3.4104e-06
7.25 3.4465e-06
7.50 3.4326e-06
7.75 3.4058e-06
6.75 3.4410e-06
6.25 3.4566e-06
6.50 3.4322e-06
6.00 3.4611e-06
7.25 3.4615e-06
8.00 3.4200e-06
6.25 3.4575e-06
7.00 3.4541e-06
8.00 3.4346e-06
7.00 3.4399e-06
6.75 3.4381e-06
6.75 3.4257e-06
7.75 3.4295e-06
6.50 3.4051e-06
6.25 3.4224e-06
7.25 3.4429e-06
7.50 3.4137e-06
7.75 3.4347e-06
6.25 3.4328e-06
8.25 3.4153e-06
7.00 3.4086e-06
7.25 3.4492e-06
8.00 3.4495e-06
6.75 3.4192e-06
6.25 3.4538e-06
7.00 3.4523e-06
6.75 3.4060e-06
8.00 3.4436e-06
6.50 3.4477e-06
7.75 3.4253e-06
7.25 3.4389e-06
6.25 3.4607e-06
7.50 3.4282e-06
7.75 3.4455e-06
7.00 3.4070e-06
7.25 3.4140e-06
8.25 3.4154e-06
8.00 3.4125e-06
6.25 3.4201e-06
6.75 3.4630e-06
7.00 3.4450e-06
6.50 3.4051e-06
6.75 3.4199e-06
6.25 3.4312e-06
7.25 3.4256e-06
8.00 3.4436e-06
7.50 3.4020e-06
7.75 3.4420e-06
7.00 3.4246e-06
7.75 3.4033e-06
7.25 3.4145e-06
8.25 3.4595e-06
6.25 3.4579e-06
6.50 3.4444e-06
6.25 3.4607e-06
6.75 3.4264e-06
7.00 3.4255e-06
8.00 3.4405e-06
6.75 3.4340e-06
7.25 3.4484e-06
8.00 3.4505e-06
7.50 3.4337e-06
7.75 3.4405e-06
7.00 3.4094e-06
7.75 3.4345e-06
7.25 3.4568e-06
6.25 3.4340e-06
6.50 3.4277e-06
8.25 3.4299e-06
6.75 3.4076e-06
7.00 3.4421e-06
6.75 3.4332e-06
8.25 3.4657e-06
8.00 3.4471e-06
7.25 3.4518e-06
7.00 3.4245e-06
7.50 3.4079e-06
8.00 3.4142e-06
6.25 3.4253e-06
7.75 3.4134e-06
6.50 3.4234e-06
7.75 3.4465e-06
7.25 3.4342e-06
6.75 3.4193e-06
8.25 3.4485e-06
7.00 3.4278e-06
6.75 3.4197e-06
7.25 3.4652e-06
8.00 3.4103e-06
8.25 3.4573e-06
7.00 3.4263e-06
6.25 3.4304e-06
6.50 3.4317e-06
7.50 3.4465e-06
8.00 3.4506e-06
7.75 3.4213e-06
7.75 3.4522e-06
7.25 3.4458e-06
6.75 3.4299e-06
7.00 3.4450e-06
6.75 3.4359e-06
8.25 3.4197e-06
7.25 3.4348e-06
6.25 3.4256e-06
8.00 3.4083e-06
8.25 3.4327e-06
6.50 3.4290e-06
7.00 3.4309e-06
7.50 3.4329e-06
8.00 3.4244e-06
7.25 3.4169e-06
7.75 3.4300e-06
6.75 3.4093e-06
7.00 3.4388e-06
7.75 3.4250e-06
6.75 3.4653e-06
8.25 3.4623e-06
7.25 3.4155e-06
6.50 3.4159e-06
6.50 3.4059e-06
7.00 3.4214e-06
8.25 3.4207e-06
8.00 3.4231e-06
7.50 3.4209e-06
7.25 3.4620e-06
6.75 3.3994e-06
8.00 3.4448e-06
6.75 3.4079e-06
7.75 3.4330e-06
7.00 3.4401e-06
7.75 3.4056e-06
6.50 3.4142e-06
7.25 3.4308e-06
8.25 3.4513e-06
8.50 3.4252e-06
7.00 3.4017e-06
7.50 3.4363e-06
6.75 3.4424e-06
8.25 3.4358e-06
7.25 3.4577e-06
8.00 3.4150e-06
6.75 3.4453e-06
8.00 3.4353e-06
7.00 3.4303e-06
7.75 3.4215e-06
7.75 3.4278e-06
6.50 3.4612e-06
7.25 3.4326e-06
7.00 3.4631e-06
8.25 3.4273e-06
8.50 3.4203e-06
6.75 3.4374e-06
7.50 3.4341e-06
7.25 3.4276e-06
8.25 3.4336e-06
6.75 3.4226e-06
8.00 3.4270e-06
8.00 3.4414e-06
7.00 3.4033e-06
7.75 3.4207e-06
7.75 3.4345e-06
6.50 3.4127e-06
7.50 3.4266e-06
7.00 3.4472e-06
6.75 3.4452e-06
7.50 3.4156e-06
8.25 3.4030e-06
6.75 3.4566e-06
7.25 3.3954e-06
8.50 3.4538e-06
8.50 3.4376e-06
8.00 3.4310e-06
7.00 3.4155e-06
8.00 3.4282e-06
6.50 3.4197e-06
7.75 3.4119e-06
7.75 3.4664e-06
7.00 3.4125e-06
6.75 3.4353e-06
7.50 3.4018e-06
6.75 3.4150e-06
7.50 3.4138e-06
7.25 3.4382e-06
8.25 3.4378e-06
6.50 3.4545e-06
7.00 3.4217e-06
8.50 3.4085e-06
8.50 3.4063e-06
8.00 3.4090e-06
8.00 3.4374e-06
7.75 3.3994e-06
7.00 3.4154e-06
7.75 3.4030e-06
6.75 3.4374e-06
7.50 3.4340e-06
6.75 3.4196e-06
7.50 3.4514e-06
7.25 3.4357e-06
6.50 3.4289e-06
7.00 3.4416e-06
8.25 3.4283e-06
8.50 3.4397e-06
8.00 3.4209e-06
8.50 3.4294e-06
6.75 3.4575e-06
7.00 3.4561e-06
7.75 3.4442e-06
8.00 3.4207e-06
7.50 3.4111e-06
7.75 3.4472e-06
6.75 3.4474e-06
7.50 3.4064e-06
7.25 3.4133e-06
7.00 3.4431e-06
8.75 3.4322e-06
8.25 3.4161e-06
8.00 3.4171e-06
6.75 3.4464e-06
7.00 3.4327e-06
8.50 3.4321e-06
8.50 3.4290e-06
7.50 3.4371e-06
8.00 3.4035e-06
6.75 3.4133e-06
7.75 3.4205e-06
7.75 3.4328e-06
7.50 3.4218e-06
7.25 3.4165e-06
7.00 3.4423e-06
7.00 3.4500e-06
6.75 3.4251e-06
8.25 3.4437e-06
8.75 3.4219e-06
8.00 3.4431e-06
7.50 3.4443e-06
8.50 3.4426e-06
7.75 3.4492e-06
7.75 3.4418e-06
8.00 3.4511e-06
8.50 3.4242e-06
8.75 3.4493e-06
7.50 3.4305e-06
7.25 3.4034e-06
7.00 3.4258e-06
7.00 3.4157e-06
6.75 3.4407e-06
8.00 3.4227e-06
8.25 3.4028e-06
7.50 3.4063e-06
8.75 3.4557e-06
7.75 3.4130e-06
7.75 3.4347e-06
8.00 3.4456e-06
8.50 3.4433e-06
8.75 3.4551e-06
8.50 3.4444e-06
7.50 3.4264e-06
7.25 3.4375e-06
7.00 3.4516e-06
7.00 3.4619e-06
6.75 3.4323e-06
8.00 3.4415e-06
7.50 3.4334e-06
7.75 3.4385e-06
8.25 3.4346e-06
7.75 3.4421e-06
8.00 3.4133e-06
8.75 3.4104e-06
8.50 3.4139e-06
7.25 3.4055e-06
7.50 3.4418e-06
8.50 3.4482e-06
8.75 3.4113e-06
7.00 3.4259e-06
7.00 3.4588e-06
6.75 3.4494e-06
8.00 3.4238e-06
7.75 3.4515e-06
7.75 3.4467e-06
7.50 3.4495e-06
7.00 3.4663e-06
8.25 3.4098e-06
7.00 3.4309e-06
7.50 3.4338e-06
7.25 3.4459e-06
8.00 3.4151e-06
8.75 3.4283e-06
8.50 3.4148e-06
8.50 3.4414e-06
8.75 3.4408e-06
6.75 3.4360e-06
8.00 3.4502e-06
7.75 3.4085e-06
7.50 3.4518e-06
7.75 3.4491e-06
7.00 3.4335e-06
7.25 3.4338e-06
7.50 3.4098e-06
7.00 3.3929e-06
8.25 3.4480e-06
8.00 3.4604e-06
8.50 3.4484e-06
8.75 3.4264e-06
8.50 3.4216e-06
8.75 3.4441e-06
9.00 3.4207e-06
8.00 3.4667e-06
7.50 3.4314e-06
7.75 3.4098e-06
7.00 3.4171e-06
7.75 3.4181e-06
7.25 3.4166e-06
7.00 3.4418e-06
7.50 3.4226e-06
8.25 3.4304e-06
8.00 3.4300e-06
8.50 3.4535e-06
8.75 3.4417e-06
8.50 3.4234e-06
8.75 3.4160e-06
9.00 3.4585e-06
8.00 3.4573e-06
7.00 3.4278e-06
7.75 3.4409e-06
7.50 3.4074e-06
7.75 3.4221e-06
7.00 3.4385e-06
7.25 3.4314e-06
7.50 3.4300e-06
8.00 3.4461e-06
8.25 3.4185e-06
8.50 3.4280e-06
8.50 3.4291e-06
8.75 3.4337e-06
8.75 3.4052e-06
7.00 3.4286e-06
7.50 3.4216e-06
9.00 3.4480e-06
8.00 3.4328e-06
7.75 3.4275e-06
7.75 3.4144e-06
7.25 3.4339e-06
7.50 3.4351e-06
9.00 3.4334e-06
8.00 3.4203e-06
8.25 3.4302e-06
8.50 3.4273e-06
8.75 3.4439e-06
8.50 3.4083e-06
7.25 3.4243e-06
8.75 3.4184e-06
7.50 3.4343e-06
7.75 3.4474e-06
8.00 3.4212e-06
9.00 3.4278e-06
7.25 3.4134e-06
7.75 3.4273e-06
7.50 3.4279e-06
8.00 3.4626e-06
9.25 3.4302e-06
8.25 3.4256e-06
7.50 3.4618e-06
8.50 3.4209e-06
7.25 3.4037e-06
7.75 3.4339e-06
7.25 3.4170e-06
8.75 3.4265e-06
8.00 3.4284e-06
8.50 3.4324e-06
8.75 3.4058e-06
7.75 3.4244e-06
7.50 3.4241e-06
9.00 3.4052e-06
8.00 3.4526e-06
8.25 3.4273e-06
9.25 3.4118e-06
7.50 3.4070e-06
7.25 3.4482e-06
7.25 3.4341e-06
8.50 3.4101e-06
7.75 3.4415e-06
8.00 3.4345e-06
8.75 3.4106e-06
7.50 3.4105e-06
7.75 3.4371e-06
8.50 3.4289e-06
8.75 3.4189e-06
9.00 3.4299e-06
8.00 3.4261e-06
7.50 3.4511e-06
8.25 3.4207e-06
7.25 3.4082e-06
7.25 3.4152e-06
9.25 3.4307e-06
7.75 3.4304e-06
7.50 3.4000e-06
8.25 3.4294e-06
7.75 3.4202e-06
8.75 3.4260e-06
8.50 3.4027e-06
8.75 3.4331e-06
8.50 3.4715e-06
9.00 3.4282e-06
8.00 3.4001e-06
7.50 3.4230e-06
8.25 3.4544e-06
7.25 3.4203e-06
7.25 3.4395e-06
7.50 3.4451e-06
7.75 3.4088e-06
8.25 3.4062e-06
7.75 3.4005e-06
9.25 3.4352e-06
8.75 3.4210e-06
8.50 3.4411e-06
8.50 3.4080e-06
8.75 3.4375e-06
8.00 3.4449e-06
9.00 3.4210e-06
7.50 3.4521e-06
7.25 3.4279e-06
7.25 3.4410e-06
8.25 3.4053e-06
7.50 3.4337e-06
7.75 3.4209e-06
7.75 3.4534e-06
8.25 3.4402e-06
9.25 3.4344e-06
8.00 3.4301e-06
8.75 3.4419e-06
8.75 3.4210e-06
8.50 3.4340e-06
8.50 3.4353e-06
7.50 3.4149e-06
9.00 3.4508e-06
7.25 3.4288e-06
7.50 3.4455e-06
8.25 3.4266e-06
9.25 3.4248e-06
7.75 3.4181e-06
7.75 3.4440e-06
8.25 3.4276e-06
7.50 3.4398e-06
8.00 3.4179e-06
8.75 3.4194e-06
8.75 3.4062e-06
8.50 3.4353e-06
9.25 3.4474e-06
8.50 3.4208e-06
7.25 3.4418e-06
9.00 3.4066e-06
7.50 3.4371e-06
8.25 3.4274e-06
7.75 3.4151e-06
7.75 3.4395e-06
9.25 3.4303e-06
8.25 3.4390e-06
7.50 3.4567e-06
8.00 3.4319e-06
8.50 3.4336e-06
7.25 3.4313e-06
8.75 3.4450e-06
8.75 3.4406e-06
8.50 3.4598e-06
9.25 3.4172e-06
7.50 3.4401e-06
9.00 3.4343e-06
8.25 3.4242e-06
7.75 3.4154e-06
7.75 3.4252e-06
7.50 3.4076e-06
8.25 3.4456e-06
9.25 3.4492e-06
8.00 3.4020e-06
7.25 3.4076e-06
8.50 3.4427e-06
8.75 3.4418e-06
8.75 3.4223e-06
7.50 3.4553e-06
8.50 3.4100e-06
7.75 3.4590e-06
9.25 3.4426e-06
9.00 3.4081e-06
8.25 3.4424e-06
7.75 3.4433e-06
7.50 3.4067e-06
8.25 3.4134e-06
7.25 3.4198e-06
8.00 3.4328e-06
9.25 3.4439e-06
8.50 3.4486e-06
7.50 3.4539e-06
7.75 3.4310e-06
8.75 3.4152e-06
8.75 3.4452e-06
8.50 3.4296e-06
7.75 3.4258e-06
8.25 3.4463e-06
9.25 3.4447e-06
9.00 3.4399e-06
7.50 3.4220e-06
7.25 3.4280e-06
8.25 3.4396e-06
8.00 3.4064e-06
7.50 3.4238e-06
7.75 3.4441e-06
8.50 3.4498e-06
9.25 3.4190e-06
8.75 3.4097e-06
7.75 3.4516e-06
8.50 3.4500e-06
8.75 3.4630e-06
8.25 3.4147e-06
7.50 3.4118e-06
9.25 3.4395e-06
9.00 3.4316e-06
9.50 3.4334e-06
8.00 3.4456e-06
8.25 3.4436e-06
7.50 3.4438e-06
7.75 3.4186e-06
8.50 3.4116e-06
7.75 3.4602e-06
8.75 3.4583e-06
8.50 3.4116e-06
9.25 3.4206e-06
8.25 3.4178e-06
7.50 3.4273e-06
8.75 3.4553e-06
9.00 3.4170e-06
9.25 3.4266e-06
7.50 3.4291e-06
8.25 3.4527e-06
8.00 3.4280e-06
9.50 3.4196e-06
7.75 3.4615e-06
8.50 3.4478e-06
7.75 3.4607e-06
7.50 3.4224e-06
8.75 3.4305e-06
8.25 3.4252e-06
8.50 3.4072e-06
8.75 3.4343e-06
9.25 3.4240e-06
9.00 3.4334e-06
9.25 3.4081e-06
7.50 3.4505e-06
8.25 3.4255e-06
8.00 3.4199e-06
7.75 3.4497e-06
9.50 3.4044e-06
7.75 3.4344e-06
8.50 3.4281e-06
8.25 3.4315e-06
8.50 3.4176e-06
8.75 3.4511e-06
9.50 3.4448e-06
8.75 3.4223e-06
9.25 3.4302e-06
7.50 3.4353e-06
9.00 3.4239e-06
8.25 3.4079e-06
8.00 3.4298e-06
9.25 3.4394e-06
7.75 3.4265e-06
7.75 3.4186e-06
9.50 3.4221e-06
8.25 3.4277e-06
8.50 3.4473e-06
8.75 3.4209e-06
8.50 3.4063e-06
7.50 3.4391e-06
8.75 3.4329e-06
9.50 3.4395e-06
9.00 3.4271e-06
8.00 3.4293e-06
8.25 3.4302e-06
9.25 3.4199e-06
7.75 3.3960e-06
9.25 3.4240e-06
7.75 3.4304e-06
8.25 3.4199e-06
9.50 3.4063e-06
8.50 3.4325e-06
7.50 3.4289e-06
8.75 3.4609e-06
8.50 3.4224e-06
8.75 3.4330e-06
7.75 3.4381e-06
8.00 3.4255e-06
8.25 3.4307e-06
9.00 3.4175e-06
9.50 3.4419e-06
9.25 3.4314e-06
9.25 3.4644e-06
7.75 3.4327e-06
8.25 3.4125e-06
7.50 3.4089e-06
8.50 3.4414e-06
8.75 3.4503e-06
8.50 3.4348e-06
9.50 3.4192e-06
9.00 3.4294e-06
8.00 3.4202e-06
7.75 3.4309e-06
8.25 3.4721e-06
9.00 3.4502e-06
9.50 3.4253e-06
8.00 3.4257e-06
9.25 3.4143e-06
9.25 3.4331e-06
7.50 3.4196e-06
8.25 3.4022e-06
8.50 3.4252e-06
8.50 3.4360e-06
8.75 3.4256e-06
9.50 3.4298e-06
7.75 3.4179e-06
8.00 3.4528e-06
9.00 3.4139e-06
8.25 3.4106e-06
8.00 3.4042e-06
9.00 3.4063e-06
9.50 3.4082e-06
7.50 3.4198e-06
8.25 3.4440e-06
9.25 3.4055e-06
9.25 3.4320e-06
8.50 3.4077e-06
7.75 3.4242e-06
8.50 3.4183e-06
8.00 3.4063e-06
8.75 3.4045e-06
9.50 3.4405e-06
8.25 3.4364e-06
9.00 3.4318e-06
8.00 3.4379e-06
9.00 3.4331e-06
9.50 3.4263e-06
8.25 3.4336e-06
9.25 3.4410e-06
9.25 3.4213e-06
9.75 3.4306e-06
8.50 3.4253e-06
7.75 3.4007e-06
8.50 3.4056e-06
8.00 3.4224e-06
8.75 3.4325e-06
8.25 3.4223e-06
9.50 3.4237e-06
8.00 3.4094e-06
9.00 3.4312e-06
9.00 3.4258e-06
8.25 3.4389e-06
9.50 3.4169e-06
7.75 3.4341e-06
8.50 3.4210e-06
8.00 3.4273e-06
8.50 3.4449e-06
8.75 3.4256e-06
9.25 3.4507e-06
9.75 3.4293e-06
8.25 3.4559e-06
9.25 3.4283e-06
8.00 3.4400e-06
9.00 3.4386e-06
9.50 3.4101e-06
8.25 3.4334e-06
9.00 3.4319e-06
7.75 3.4069e-06
9.50 3.4424e-06
8.00 3.4252e-06
8.50 3.4413e-06
8.50 3.4443e-06
8.25 3.4118e-06
8.75 3.4192e-06
9.25 3.4369e-06
9.25 3.4112e-06
9.75 3.4197e-06
8.00 3.4447e-06
9.00 3.4470e-06
8.25 3.4435e-06
9.50 3.4432e-06
9.00 3.4516e-06
8.00 3.4442e-06
8.50 3.4200e-06
8.50 3.4155e-06
8.25 3.4314e-06
9.50 3.4367e-06
8.75 3.4558e-06
8.00 3.4083e-06
9.25 3.4363e-06
9.25 3.4246e-06
9.75 3.4452e-06
9.00 3.4171e-06
8.25 3.4469e-06
9.50 3.4362e-06
8.00 3.4448e-06
9.00 3.4488e-06
8.25 3.4511e-06
8.50 3.4124e-06
8.50 3.4437e-06
8.75 3.4051e-06
8.00 3.4352e-06
9.50 3.4406e-06
9.25 3.4399e-06
9.25 3.4348e-06
9.75 3.4135e-06
8.25 3.4512e-06
9.00 3.4407e-06
8.00 3.4146e-06
9.50 3.4229e-06
8.25 3.4117e-06
8.50 3.4577e-06
8.50 3.4198e-06
9.00 3.4183e-06
8.00 3.4468e-06
8.75 3.4342e-06
9.50 3.4240e-06
8.25 3.4131e-06
9.25 3.4499e-06
9.25 3.4186e-06
9.00 3.4455e-06
9.75 3.4326e-06
8.00 3.4169e-06
8.25 3.4112e-06
8.50 3.4284e-06
8.50 3.4482e-06
8.00 3.4495e-06
9.50 3.4105e-06
9.00 3.4211e-06
8.75 3.4084e-06
8.25 3.4504e-06
9.50 3.4392e-06
8.00 3.4247e-06
9.00 3.4386e-06
9.25 3.4542e-06
9.25 3.4025e-06
9.75 3.4109e-06
8.50 3.4481e-06
8.25 3.4215e-06
8.00 3.4257e-06
8.50 3.4646e-06
8.75 3.4449e-06
9.00 3.4225e-06
9.50 3.4574e-06
8.25 3.4286e-06
8.00 3.4315e-06
9.50 3.4608e-06
9.00 3.4281e-06
9.25 3.4135e-06
8.25 3.4076e-06
8.50 3.4195e-06
9.25 3.4228e-06
9.75 3.4442e-06
8.50 3.4581e-06
8.75 3.4323e-06
9.00 3.4262e-06
9.50 3.4331e-06
8.25 3.4498e-06
8.00 3.4267e-06
9.50 3.4595e-06
9.00 3.4090e-06
8.50 3.4616e-06
8.25 3.4257e-06
9.25 3.4405e-06
8.75 3.4169e-06
9.25 3.4068e-06
8.50 3.4333e-06
9.75 3.4279e-06
8.25 3.4343e-06
9.00 3.4236e-06
9.50 3.4392e-06
8.00 3.4209e-06
9.50 3.4336e-06
9.00 3.4377e-06
8.25 3.4313e-06
8.50 3.4510e-06
8.50 3.4210e-06
8.75 3.4319e-06
9.25 3.4276e-06
9.25 3.4196e-06
8.25 3.4422e-06
8.00 3.4105e-06
9.00 3.4331e-06
9.75 3.4187e-06
9.50 3.4189e-06
8.25 3.4347e-06
8.50 3.4237e-06
9.00 3.4257e-06
9.50 3.4275e-06
8.50 3.4347e-06
8.75 3.4285e-06
8.00 3.3993e-06
8.25 3.4324e-06
9.25 3.4456e-06
9.25 3.4316e-06
9.00 3.4166e-06
9.75 3.4338e-06
9.50 3.4494e-06
8.25 3.4205e-06
8.50 3.4020e-06
9.00 3.4701e-06
9.50 3.4316e-06
8.75 3.4276e-06
8.50 3.4327e-06
8.25 3.4092e-06
9.25 3.4407e-06
9.25 3.4376e-06
9.00 3.4030e-06
9.75 3.4287e-06
8.25 3.4055e-06
9.50 3.4490e-06
8.50 3.4347e-06
9.00 3.4370e-06
8.75 3.4340e-06
8.75 3.4165e-06
9.50 3.4325e-06
8.25 3.4226e-06
9.25 3.4223e-06
9.25 3.4432e-06
9.00 3.4414e-06
8.25 3.4468e-06
9.75 3.4294e-06
9.50 3.4282e-06
8.50 3.4310e-06
9.00 3.4346e-06
8.75 3.4483e-06
8.75 3.4085e-06
8.25 3.4193e-06
9.75 3.4272e-06
9.25 3.4290e-06
9.25 3.4066e-06
8.25 3.4472e-06
9.00 3.4283e-06
9.75 3.4201e-06
8.50 3.4191e-06
9.50 3.4057e-06
8.25 3.4442e-06
8.75 3.4056e-06
9.00 3.4221e-06
8.75 3.4357e-06
9.75 3.4100e-06
9.25 3.4103e-06
9.25 3.4419e-06
9.00 3.4361e-06
8.50 3.4478e-06
9.75 3.4443e-06
8.25 3.4227e-06
9.50 3.4299e-06
8.75 3.4320e-06
8.75 3.4309e-06
9.00 3.4519e-06
9.75 3.4315e-06
9.00 3.4359e-06
9.25 3.4257e-06
9.25 3.4378e-06
8.50 3.4047e-06
8.25 3.4420e-06
9.75 3.4085e-06
8.75 3.4266e-06
9.50 3.4292e-06
8.75 3.4377e-06
9.00 3.4107e-06
9.75 3.4401e-06
9.00 3.4400e-06
9.25 3.4176e-06
8.50 3.4348e-06
9.25 3.4195e-06
8.25 3.4236e-06
8.75 3.4290e-06
9.75 3.4305e-06
9.50 3.4171e-06
8.75 3.4460e-06
9.00 3.4242e-06
9.75 3.4323e-06
9.25 3.4424e-06
9.00 3.4488e-06
8.50 3.4061e-06
8.25 3.4471e-06
8.75 3.4491e-06
9.25 3.4100e-06
8.75 3.4176e-06
9.00 3.4368e-06
9.50 3.4496e-06
9.75 3.4314e-06
9.75 3.4500e-06
8.50 3.4449e-06
9.25 3.4344e-06
9.00 3.4554e-06
8.75 3.4489e-06
9.25 3.4593e-06
8.75 3.4398e-06
9.00 3.4172e-06
9.50 3.4098e-06
9.75 3.4309e-06
8.50 3.4326e-06
9.75 3.4182e-06
9.00 3.4124e-06
8.75 3.4161e-06
9.25 3.4422e-06
9.25 3.4315e-06
8.75 3.4470e-06
9.00 3.4044e-06
9.50 3.4319e-06
9.75 3.4488e-06
8.50 3.4169e-06
9.00 3.4417e-06
9.75 3.4434e-06
8.75 3.4243e-06
9.25 3.4252e-06
9.25 3.4403e-06
8.75 3.4435e-06
9.00 3.4210e-06
9.50 3.4132e-06
9.75 3.4430e-06
8.50 3.4317e-06
9.00 3.4271e-06
8.75 3.4227e-06
9.25 3.4199e-06
9.25 3.4403e-06
9.75 3.4481e-06
8.75 3.4302e-06
9.00 3.4058e-06
8.50 3.4262e-06
9.50 3.4406e-06
9.75 3.4185e-06
9.00 3.4424e-06
8.75 3.4272e-06
9.75 3.4394e-06
9.25 3.4570e-06
8.75 3.4078e-06
9.25 3.4514e-06
9.00 3.4215e-06
9.50 3.4282e-06
9.75 3.4151e-06
8.75 3.4239e-06
9.00 3.4364e-06
8.75 3.4317e-06
9.75 3.4252e-06
9.25 3.4496e-06
9.25 3.4599e-06
9.00 3.4296e-06
8.75 3.4194e-06
9.00 3.4445e-06
9.50 3.4179e-06
9.75 3.4261e-06
8.75 3.4262e-06
9.75 3.4075e-06
9.25 3.4381e-06
9.25 3.4275e-06
9.00 3.4356e-06
8.75 3.4156e-06
9.00 3.4263e-06
9.50 3.4349e-06
8.75 3.4693e-06
9.75 3.4298e-06
9.25 3.4032e-06
9.75 3.4370e-06
9.25 3.4251e-06
9.00 3.4240e-06
8.75 3.4003e-06
9.00 3.4112e-06
9.50 3.4283e-06
8.75 3.4075e-06
9.75 3.4175e-06
9.25 3.4334e-06
9.25 3.4310e-06
9.75 3.4251e-06
9.00 3.4050e-06
8.75 3.4422e-06
9.00 3.4270e-06
9.50 3.4268e-06
9.25 3.4280e-06
9.75 3.4281e-06
9.00 3.4407e-06
9.25 3.4315e-06
9.75 3.4832e-06
8.75 3.4302e-06
9.00 3.4181e-06
9.50 3.4166e-06
9.25 3.4172e-06
9.75 3.4173e-06
9.00 3.4405e-06
9.75 3.4077e-06
9.50 3.4289e-06
8.75 3.4358e-06
9.00 3.4450e-06
9.50 3.4472e-06
9.25 3.4487e-06
9.75 3.4037e-06
9.00 3.4178e-06
9.50 3.4118e-06
9.75 3.4345e-06
8.75 3.4360e-06
9.00 3.4217e-06
9.50 3.4085e-06
9.00 3.4096e-06
9.25 3.4079e-06
9.75 3.4402e-06
8.75 3.4435e-06
9.75 3.4172e-06
9.50 3.4320e-06
9.00 3.4451e-06
9.50 3.4291e-06
9.00 3.4569e-06
9.25 3.4332e-06
9.75 3.4275e-06
9.75 3.4552e-06
9.50 3.4380e-06
9.00 3.4257e-06
9.50 3.4265e-06
9.00 3.4310e-06
9.25 3.4105e-06
9.75 3.4389e-06
9.50 3.4349e-06
9.75 3.4107e-06
9.00 3.4444e-06
9.00 3.4396e-06
9.50 3.4306e-06
9.25 3.4422e-06
9.75 3.4356e-06
9.50 3.4504e-06
9.75 3.4252e-06
9.00 3.4333e-06
9.50 3.4479e-06
9.25 3.4305e-06
9.75 3.4393e-06
9.00 3.4594e-06
9.50 3.4178e-06
9.75 3.4331e-06
9.50 3.4429e-06
9.25 3.4183e-06
9.75 3.4420e-06
9.00 3.4352e-06
9.50 3.4421e-06
9.75 3.4190e-06
9.50 3.4203e-06
9.25 3.4328e-06
9.00 3.4243e-06
9.75 3.4510e-06
9.50 3.4499e-06
9.75 3.4037e-06
9.50 3.4177e-06
9.00 3.4331e-06
9.25 3.4248e-06
9.75 3.4123e-06
9.50 3.4378e-06
9.75 3.4231e-06
9.50 3.4240e-06
9.25 3.4265e-06
9.75 3.4403e-06
9.50 3.4292e-06
9.75 3.4041e-06
9.50 3.4319e-06
9.25 3.4176e-06
9.75 3.4266e-06
9.50 3.4078e-06
9.75 3.4185e-06
9.50 3.4188e-06
9.25 3.4507e-06
9.50 3.4407e-06
9.75 3.4478e-06
9.75 3.4289e-06
9.50 3.4317e-06
9.25 3.4119e-06
9.50 3.4254e-06
9.75 3.4416e-06
9.75 3.4393e-06
9.50 3.4155e-06
9.25 3.4311e-06
9.75 3.4420e-06
9.50 3.4640e-06
9.75 3.4261e-06
9.50 3.4044e-06
9.50 3.4061e-06
9.75 3.4239e-06
9.75 3.4091e-06
9.50 3.4413e-06
9.50 3.4317e-06
9.75 3.4098e-06
9.75 3.4433e-06
9.50 3.4270e-06
9.50 3.4243e-06
9.75 3.4267e-06
9.75 3.4341e-06
9.50 3.4366e-06
9.50 3.4532e-06
9.75 3.4154e-06
9.75 3.4220e-06
9.50 3.4357e-06
9.75 3.4447e-06
9.50 3.4106e-06
9.75 3.4123e-06
9.50 3.4365e-06
9.50 3.4234e-06
9.75 3.4333e-06
9.75 3.4521e-06
9.50 3.4441e-06
9.75 3.4404e-06
9.75 3.4333e-06
9.50 3.4559e-06
9.75 3.4239e-06
9.75 3.4348e-06
9.50 3.4148e-06
9.75 3.4402e-06
9.75 3.4195e-06
9.50 3.4410e-06
9.75 3.4633e-06
9.75 3.4473e-06
9.50 3.4276e-06
9.75 3.4563e-06
9.75 3.4479e-06
9.75 3.4334e-06
9.75 3.4251e-06
9.75 3.4274e-06
9.75 3.4085e-06
9.75 3.4343e-06
9.75 3.4330e-06
